2
60
64
0.00658296 -0.0125581 0.0659919 0.106676 -0.00169175 -0.0242913 0.0949006 0.180241 -0.0102067 -0.0168744 0.0995849 0.165326 -0.0154192 -0.00730915 0.0567315 0.0763591 0.00389891 0.00168102 0.114458 0.202072 -0.0127064 -0.00367243 0.141344 0.295952 -0.00279421 -0.00692953 0.140936 0.242045 -0.0215032 -0.0021003 0.0880178 0.120098 0.00890552 0.0409081 0.102606 0.204264 -0.0104995 0.0621466 0.147855 0.347401 -0.0206635 0.0507824 0.138416 0.324503 -0.0342949 0.0121303 0.0901115 0.146522 0.00206996 -0.0514638 0.0455164 0.103678 -0.00615952 -0.0803345 0.0579772 0.165756 -0.0109954 -0.0750055 0.0585119 0.155759 -0.0160839 -0.0310521 0.040399 0.0804463 
0.00436922 0.000693897 0.0465241 0.0577436 -0.00518885 0.00434551 0.0630956 0.0842223 0.0125027 0.00944904 0.0661152 0.0893113 0.0110492 0.0192383 0.0798588 0.0781517 0.00802868 -0.0188935 0.0685947 0.0762364 0.0877681 0.0693988 0.223709 0.279972 -0.0139748 0.123854 0.183285 0.334147 -0.00062794 0.0167771 0.137333 0.152262 0.00154994 0.000573968 0.0594084 0.0549298 0.103971 -0.0756244 0.21242 0.223295 -0.000248753 -0.0834901 0.199294 0.317733 5.71508e-06 -0.00208312 0.1196 0.147887 0.0020066 0.00376534 0.0349181 0.0408534 0.0169103 0.011118 0.0735674 0.0766608 0.0423432 -0.00423423 0.104748 0.14031 0.0116883 0.00730802 0.0911108 0.135014 
0.0104417 0.043355 0.0494169 0.101393 -0.0535422 0.0555747 0.090398 0.15997 -0.138787 0.0441682 0.206033 0.119122 -0.0295237 0.00716875 0.0622733 0.0287309 0.0264598 -0.0510089 0.0849995 0.101517 -0.0457928 -0.0161185 0.128905 0.117882 -0.209495 0.0060628 0.405385 0.166181 -0.0681964 0.00383912 0.134381 0.05445 0.050656 -0.00245948 0.0879299 0.0583866 -0.0399975 -0.00834052 0.111145 0.0629402 -0.209008 -0.0066831 0.408746 0.157704 -0.0655875 -0.00101872 0.12048 0.0466365 0.0234479 -0.00869019 0.0537587 0.0375622 -0.0235489 -0.024221 0.0710754 0.0446245 -0.115471 -0.0125746 0.246308 0.108104 -0.0423605 0.00337269 0.0797982 0.034362 
0.0561315 -0.00718979 0.12643 0.0869082 -0.00635689 -0.00579233 0.152529 0.0826411 -0.018843 -0.0121303 0.0723159 0.0564766 -0.0656065 -0.00978383 0.0862537 0.0353067 0.0570972 -0.00674303 0.229785 0.156647 -0.0216177 -0.080368 0.280036 0.188746 -0.0411818 -0.0669786 0.147987 0.142726 -0.089819 -0.0397354 0.128728 0.0780685 0.00142215 -0.0584643 0.20321 0.181572 0.00757968 -0.0735354 0.259963 0.245411 -0.0253583 -0.0226919 0.170347 0.200642 -0.0659246 0.00376738 0.118897 0.0932771 -0.00320222 -0.0308478 0.0951152 0.1032 0.0103911 -0.0431714 0.117438 0.138093 0.00490044 -0.0528471 0.105527 0.15397 -0.0301721 -0.0197855 0.074988 0.089288 
0.00946544 0.00286764 0.0847151 0.114967 -0.00842085 0.00269074 0.134798 0.195736 0.00685342 0.0286049 0.147457 0.232085 -0.0339674 0.00205317 0.0916873 0.131043 0.00983861 -0.0126679 0.123535 0.142182 0.0335014 0.0193689 0.236862 0.214086 -0.0251619 -0.0119335 0.275309 0.266482 -0.0708418 -0.0362076 0.142896 0.155519 0.0164351 -0.0129718 0.114075 0.130161 -0.00488978 -0.0599056 0.221042 0.216383 -0.0596157 -0.107535 0.180069 0.221477 -0.0351199 -0.0311107 0.0895891 0.110843 0.0090398 -0.0148337 0.0652691 0.0765329 -0.0373978 -0.0263474 0.115382 0.0990999 -0.0125914 -0.00665664 0.0647872 0.0787834 -0.00403464 0.00248657 0.0422879 0.0511179 
0.0122109 -0.00597836 0.0588561 0.0477205 0.0546791 0.0103335 0.134225 0.147671 0.0147371 0.0148173 0.176569 0.180746 -0.068388 0.00525857 0.145958 0.0782976 0.0140851 -0.0118307 0.0725337 0.0631573 0.0978382 -0.0155899 0.221011 0.265715 0.00365722 -0.00635209 0.267282 0.352608 -0.0892944 -0.0234679 0.191204 0.14645 0.00985643 0.0041634 0.0514094 0.0568245 0.071817 -0.0317949 0.137676 0.237234 -0.000186259 -0.0588918 0.15721 0.303066 -0.0643099 -0.0113583 0.114467 0.125254 0.00293737 -0.00206304 0.0261958 0.0296388 0.0131599 -0.0141811 0.0353514 0.0639169 0.00107746 -0.0272612 0.040079 0.0795089 -0.0239948 -0.0206231 0.0464758 0.047146 
0.0166818 -0.00222155 0.0774228 0.0407316 0.0273854 0.000550023 0.180732 0.0938648 -0.0115478 0.00297305 0.23396 0.106143 -0.0170574 0.00656673 0.0859294 0.0485206 0.0307547 0.00693902 0.120974 0.0656753 0.0410002 0.00253736 0.279472 0.157749 -0.00418827 0.00287935 0.375565 0.167736 -0.0282532 0.00186281 0.137471 0.071569 0.0214181 -0.00432965 0.106659 0.0641064 0.0208141 -0.0270913 0.237948 0.147434 0.0105222 -0.0259214 0.35066 0.176751 -0.0326122 -0.00987095 0.140367 0.0812902 0.00796197 -0.00217268 0.0624151 0.0421249 0.000876148 -0.0144695 0.1187 0.0811796 0.0109189 -0.0193017 0.168467 0.10746 -0.01823 -0.00752883 0.0801008 0.0562193 
0.0241761 0.00718823 0.0682661 0.0485685 0.0405301 0.0334119 0.130421 0.116293 0.0146962 0.0561092 0.156223 0.144072 -0.0457653 0.0226431 0.116871 0.0808917 0.0334667 -0.00573841 0.104819 0.0596262 0.0616904 -0.04366 0.202421 0.147074 0.0633546 -0.0258315 0.26059 0.197367 -0.0873586 0.00987278 0.219674 0.116839 0.0206233 0.00294338 0.094648 0.0547964 0.0353803 -0.00821173 0.176245 0.150891 0.100895 -0.019068 0.281103 0.212847 -0.0759492 0.00129797 0.23719 0.129648 0.0163646 0.00239139 0.064517 0.0417117 0.0241419 0.0139567 0.1196 0.110829 0.0487687 0.00603372 0.170445 0.150434 -0.0446665 -0.00990582 0.137474 0.093079 
0.0653713 0.0253206 0.118474 0.0456628 -0.0666914 0.0399515 0.16519 0.0894157 -0.023428 -0.0061846 0.0576438 0.0482294 -6.38265e-05 -0.00560135 0.0203073 0.0244951 0.137086 0.014546 0.215779 0.0633008 -0.153713 0.0400716 0.374116 0.127214 -0.0581754 0.0183837 0.1097 0.0501862 -0.0024619 0.00446406 0.0260764 0.0208321 0.141129 0.00550064 0.245598 0.0594002 -0.126192 0.0252295 0.397227 0.129648 -0.0814977 0.0190776 0.190495 0.107797 -0.0121311 0.000587145 0.0358486 0.0371311 0.07678 -0.0157326 0.13894 0.050832 -0.0679836 -0.0261181 0.204246 0.108053 -0.0562945 -0.00270106 0.11188 0.0825462 -0.00564099 -0.000955154 0.020816 0.0364177 
0.020545 -0.00539447 0.0605993 0.0646596 0.0172425 -0.0154346 0.0802983 0.134878 0.00182562 -0.00544706 0.0853935 0.117595 -0.0626829 0.00254387 0.0921214 0.0489882 0.0321998 -0.013208 0.0911687 0.10768 0.0166087 -0.0255888 0.131896 0.191487 0.0504587 -0.00132535 0.162878 0.169526 -0.102029 0.0113702 0.163622 0.0896643 0.0247339 -0.0145709 0.0991225 0.181267 0.00971559 -0.0450663 0.151245 0.382543 0.0350057 -0.0934363 0.179656 0.318738 -0.0882702 -0.0498338 0.161058 0.143498 0.0108105 0.00732576 0.0618612 0.104215 -0.00295228 0.0181906 0.094115 0.200227 -0.00174495 0.0169115 0.0929298 0.186043 -0.0397247 -0.00138894 0.0864548 0.0802606 
0.00542268 -0.00878933 0.0688588 0.0589897 -0.00671171 0.00667696 0.0666159 0.0595357 -0.0852734 0.0062641 0.143563 0.0677543 -0.063588 0.00136224 0.144098 0.0692487 0.0254882 -0.0332776 0.135208 0.146433 -0.0092328 -0.0472092 0.156662 0.186219 -0.139434 -0.0663318 0.262658 0.177977 -0.0937704 -0.0193302 0.227961 0.112591 0.00952772 0.00882834 0.135492 0.158423 -0.0411914 -0.0279334 0.184954 0.243699 -0.126803 -0.0440626 0.264362 0.231429 -0.0654263 -0.00940312 0.190825 0.116105 -0.000121123 -0.0255261 0.066341 0.0727054 -0.026333 -0.0453648 0.107484 0.11108 -0.045987 -0.00763365 0.152776 0.123999 -0.0419772 0.010666 0.124 0.0713678 
-0.00617158 -0.0047017 0.0386534 0.0396198 -0.0319447 -0.00456921 0.0844292 0.0681684 -0.0323397 0.0115429 0.200851 0.13947 -0.0172549 0.00928349 0.125537 0.0921581 -0.00658654 -0.0127746 0.0511043 0.0494806 -0.0260609 0.00811232 0.125624 0.0949774 -0.0424201 0.0183041 0.372569 0.267093 -0.0358844 0.00588819 0.228414 0.156287 0.00546696 0.00351524 0.0432959 0.0478464 -0.0186885 0.00667332 0.104468 0.0830507 -0.0534094 -0.00394044 0.377418 0.25012 -0.0377493 -0.00308066 0.221614 0.155437 0.00389937 -0.00468414 0.0277736 0.0370963 -0.0158621 -0.0104295 0.0634893 0.0535476 -0.0388971 -0.0184976 0.196699 0.143542 -0.0222023 -0.012693 0.123857 0.0963346 
-0.00248575 0.00347159 0.0511853 0.0316606 0.0101308 -0.00617275 0.0461995 0.0410332 0.0620632 0.000574466 0.0896908 0.046937 0.0046714 0.00599741 0.0390872 0.0265019 0.0361718 0.107798 0.131712 0.192864 -0.00376157 0.224061 0.167027 0.363335 0.0187565 0.104861 0.207855 0.185406 0.00440038 0.00651989 0.0552622 0.043596 0.0347839 -0.0738122 0.119789 0.196775 -0.00703342 -0.155223 0.188059 0.361615 -0.00831182 -0.0940628 0.205346 0.226315 0.00942089 -0.0201055 0.0715183 0.0740325 0.00592911 -0.00713023 0.0499411 0.0720652 0.0117541 0.00625678 0.0737997 0.117334 0.0265174 0.03173 0.0988816 0.129225 0.00341934 -0.00483674 0.0580226 0.0722726 
0.00525173 0.00392039 0.0725451 0.0916611 -0.00609014 0.0144005 0.113902 0.148383 -0.00394604 0.0218607 0.113433 0.15654 -0.00402418 0.0176723 0.0848179 0.0994283 -0.000961508 -0.0142026 0.115414 0.129915 -0.0165787 -0.0541895 0.176534 0.228165 0.0172686 -0.0480831 0.196484 0.271778 -0.00118368 -0.0169119 0.144864 0.166907 -0.00657053 8.05304e-05 0.118978 0.135438 -0.00839146 0.0178836 0.187402 0.242546 0.0201007 0.0251082 0.220495 0.289829 -0.00496496 0.00296777 0.148738 0.167914 -0.000300925 -0.0015618 0.0760553 0.0971502 -0.00237401 -0.00138804 0.123291 0.170536 0.00458689 -0.0118583 0.129789 0.169532 -0.0065468 -0.00724453 0.0868608 0.0965616 
0.067825 0.00288762 0.120056 0.0455502 0.0209338 0.00531523 0.156542 0.121187 -0.0469183 -0.00887433 0.142796 0.123075 -0.00876744 -0.0138702 0.0689541 0.0662261 0.11454 -0.00259017 0.192668 0.0828737 0.0354389 0.00372835 0.274611 0.218384 -0.0702529 0.0347829 0.219652 0.215104 -0.0129631 0.0264113 0.111525 0.121695 0.10229 -0.0272262 0.165714 0.0945279 0.0308842 -0.0879349 0.214678 0.249049 -0.02151 -0.0759515 0.160856 0.240477 -0.0159551 -0.0278185 0.097673 0.146708 0.0274334 -0.0473563 0.0438631 0.0578692 0.00458269 -0.110891 0.0394836 0.133452 -0.000986043 -0.114138 0.0309775 0.135045 -0.00306665 -0.0694719 0.0247079 0.0878265 
0.00437515 -0.00364689 0.0268482 0.0435164 -0.0388987 -0.0151975 0.130576 0.0920238 -0.0576926 -0.000508113 0.245913 0.181127 -0.0386926 -4.31262e-05 0.0637586 0.042573 -0.00134993 -0.0140491 0.03443 0.0490191 -0.0575011 -0.0231355 0.168254 0.111169 -0.0761645 5.02174e-05 0.376051 0.276636 -0.0607518 -0.000671453 0.103413 0.0519203 -0.001975 -0.0137378 0.0282793 0.0330504 -0.0328747 -0.00347674 0.15954 0.0832949 -0.0742758 0.0147107 0.432085 0.279552 -0.064832 0.00213559 0.113445 0.050913 0.00295933 -0.00390368 0.0225579 0.0307427 -0.0153065 -0.00724818 0.0947743 0.0614055 -0.0464761 -0.0116256 0.260349 0.204127 -0.0404621 -0.00353291 0.0739555 0.0398101 
0.0875826 -0.0173846 0.122544 0.0417583 0.032263 -0.0325558 0.0940671 0.104192 -0.00905474 -0.0177593 0.0860982 0.094928 -0.00439916 -0.0117435 0.0576381 0.0636036 0.117706 -0.0163875 0.176666 0.0706565 0.0156279 -0.089976 0.145679 0.239947 0.0295847 -0.0998491 0.180912 0.300945 0.00710221 -0.0288016 0.121542 0.205543 0.132724 0.0402214 0.183643 0.0745748 -0.0129735 0.116868 0.138842 0.268129 0.0126429 0.0553381 0.199358 0.287085 0.0313941 0.0340907 0.0988797 0.17354 0.096987 -0.00560383 0.146377 0.0283163 -0.00933538 -0.0338957 0.105984 0.104534 0.006011 -0.0212069 0.097391 0.0857505 0.0320642 0.000630739 0.0608518 0.0574006 
-0.00558523 0.00238342 0.0749314 0.0899179 0.000375817 0.00499058 0.110037 0.146128 -0.0656635 0.00524444 0.131774 0.115784 -0.0298214 -0.000233215 0.054537 0.0309391 0.00911618 0.0199828 0.129001 0.152792 0.000258684 0.0328979 0.216981 0.23942 -0.117674 0.018334 0.24379 0.173935 -0.0516742 -0.000708474 0.0862377 0.0429377 0.0098284 -0.00608716 0.153596 0.169813 -0.0122738 -0.006565 0.268707 0.278672 -0.122516 -0.00513582 0.249081 0.171756 -0.0566148 0.00144386 0.0909609 0.0372638 0.00491524 -0.0184393 0.0931598 0.110783 -0.000463588 -0.0308536 0.146645 0.183298 -0.0651574 -0.0102395 0.147942 0.118167 -0.0328366 0.00170706 0.058491 0.0285194 
0.0340653 0.0269485 0.115969 0.105175 -0.000797509 0.0429417 0.156979 0.190406 -0.00831639 0.00778512 0.161423 0.180813 0.0131897 0.00231298 0.094357 0.122328 0.0791924 0.00779934 0.183013 0.0964772 -0.0222852 0.0203132 0.195742 0.198068 -0.0448726 -0.00103558 0.26452 0.222271 0.0376553 0.00568362 0.153114 0.153974 0.0742825 -0.00609107 0.204996 0.0800141 -0.00968594 -0.00773221 0.156038 0.125934 -0.060892 0.00483538 0.240634 0.18173 0.0437618 0.00228895 0.129618 0.115686 0.0469616 -0.00536513 0.121994 0.0611413 -0.0050718 -0.0121222 0.0972904 0.0939091 -0.0358179 -0.00293429 0.138161 0.12395 0.0213441 -0.00930046 0.0850995 0.0827267 
0.00108575 0.00727234 0.0185057 0.0359572 0.00989895 0.00761136 0.0320416 0.0611246 0.0095565 0.000324688 0.0382813 0.0673318 -0.00717792 0.00108532 0.0403846 0.0430529 0.00382715 0.0193657 0.0400607 0.0655063 -0.00344445 0.0287932 0.0625544 0.116433 0.0126574 0.0139333 0.0562473 0.113108 -0.0130332 0.00461964 0.0691791 0.0805056 0.045786 0.0834445 0.128765 0.195345 0.0155415 0.178479 0.172199 0.385786 -0.0127562 0.175324 0.123233 0.357365 -0.0517221 0.0853087 0.108907 0.18443 0.031743 -0.0318301 0.0846076 0.119279 -0.00198299 -0.075247 0.13912 0.251378 0.00088942 -0.0832949 0.109913 0.24883 -0.0290373 -0.0297368 0.0926439 0.122648 
0.0606302 0.016758 0.102937 0.0956549 0.0393849 0.0728061 0.125665 0.230919 -0.00882717 0.0936224 0.0785572 0.197666 -0.0272957 0.0359503 0.0790236 0.109447 0.0674904 -0.0514429 0.125243 0.127687 0.0540639 -0.214801 0.15085 0.340509 0.00413253 -0.222627 0.123188 0.337659 -0.0409733 -0.110681 0.110933 0.18837 0.0195015 -0.00999184 0.0938546 0.0765768 -0.010694 -0.0311054 0.119278 0.182215 0.0105993 -0.0662751 0.10944 0.185124 0.00708999 -0.0281474 0.0765219 0.107633 0.015085 3.00764e-05 0.0579576 0.043004 -0.00370609 0.00820417 0.0790492 0.102441 0.00371125 0.0124015 0.0569878 0.0848434 0.0133481 0.0126845 0.048895 0.0614018 
0.0190124 0.0158575 0.0552754 0.0566498 0.0367028 0.00062671 0.203786 0.145486 -0.0236644 -0.0177104 0.308389 0.248045 -0.0484021 -0.011123 0.117473 0.0744875 0.00694559 0.00763168 0.0621452 0.0595191 0.00465316 -0.0401449 0.247191 0.158601 -0.0307072 -0.0832231 0.376126 0.289606 -0.0554998 -0.0183542 0.166736 0.108343 -0.0117403 -0.0551626 0.0578536 0.102699 -0.0429987 -0.0880441 0.13519 0.159447 -0.0149975 -0.0583965 0.164861 0.19493 -0.0281718 -0.0202997 0.110819 0.0819758 -0.00867247 -0.0329175 0.0233385 0.062189 -0.00856 -0.0407384 0.0284085 0.0815091 -0.00269447 -0.0224825 0.0279644 0.0799628 -0.00609857 -0.00635588 0.0285919 0.0382397 
0.00121894 0.0247158 0.0384271 0.0466921 -0.0948495 0.0262661 0.148875 0.0735507 -0.0331845 0.0194287 0.164987 0.111484 -0.022143 0.00719544 0.0574156 0.0415468 0.000894723 -0.000628555 0.0543334 0.0443625 -0.14877 -0.00622083 0.261994 0.123018 -0.0651204 0.0120482 0.315125 0.214202 -0.046636 -0.00407399 0.10882 0.0697641 -0.00475876 -0.0206322 0.0744602 0.0926345 -0.135599 -0.0517048 0.286491 0.205207 -0.065446 -0.0327354 0.316789 0.235604 -0.0421141 -0.00939907 0.106262 0.0743756 -0.0149249 -0.020778 0.0663504 0.0742201 -0.0666565 -0.0305048 0.17025 0.13516 -0.0220738 -0.00344046 0.197736 0.149157 -0.0210608 0.00421059 0.0657801 0.0422487 
0.0663569 0.000950389 0.0968926 0.0431035 0.0251238 0.000487667 0.132926 0.144589 0.00931302 -0.000799192 0.102887 0.15592 0.00124921 -0.000166714 0.0766695 0.0997825 0.10487 -0.000320926 0.151355 0.0719496 0.0365427 0.000794552 0.225727 0.248322 0.0128622 0.00211661 0.171763 0.278261 -0.00276908 -0.00194199 0.118825 0.173001 0.105148 -0.00293055 0.151885 0.0748677 0.0482704 3.17788e-05 0.241968 0.25651 0.0129294 0.00595426 0.181871 0.262988 -0.00577731 0.00495135 0.116953 0.153848 0.0618687 -0.00504745 0.0923894 0.0441727 0.0329282 -0.0206174 0.142217 0.155834 0.00711242 -0.022805 0.110728 0.161226 0.00160845 -0.0113684 0.0741435 0.098513 
0.0208955 -0.00211652 0.135304 0.0747941 -0.0203389 0.00851265 0.184432 0.148167 -0.0252965 0.00401981 0.135262 0.0804432 0.0126738 0.00316652 0.041536 0.02767 0.0448141 -0.04163 0.259442 0.154917 -0.00888165 -0.0591079 0.338713 0.293181 -0.0460402 -0.0167614 0.218272 0.12137 0.0250963 -0.00369644 0.0807912 0.0387656 0.019534 0.00358411 0.190636 0.151259 0.00589354 -0.000957895 0.227979 0.289564 -0.0223029 0.00147402 0.161013 0.137897 0.0359237 0.00113812 0.0894951 0.0426875 0.0219897 -0.0490247 0.0626703 0.104216 0.0003431 -0.0853326 0.0694906 0.172519 -0.0155656 -0.0707636 0.0555471 0.101832 0.0132752 -0.0513411 0.0396098 0.0610074 
0.00483557 -0.00444465 0.0606577 0.0982508 0.0371462 -0.00318302 0.121337 0.171267 6.2769e-06 0.0079901 0.108954 0.152143 -0.0110628 0.00319672 0.0668648 0.0905461 0.00853164 0.00751778 0.0881795 0.155636 0.0496015 -0.00585017 0.184781 0.260998 0.00703805 -0.0295893 0.188587 0.260348 -0.0134929 -0.0126689 0.108839 0.162177 0.00605135 -0.00628825 0.0982735 0.165779 0.0300372 -0.00508547 0.178649 0.306499 -0.0114936 -0.0189764 0.164507 0.297005 -0.00881082 -0.0174173 0.101583 0.180895 0.00430601 0.00203392 0.0665245 0.108838 0.0206762 0.00233131 0.106891 0.193459 -0.00840833 0.0051631 0.098761 0.194818 -0.00706634 0.0032088 0.0684239 0.123878 
0.00866588 0.0692178 0.0620594 0.1184 -0.0130882 0.114883 0.0807871 0.184931 -0.0212502 0.0873761 0.0768241 0.165864 -0.0229938 0.038386 0.0542876 0.0793178 0.0336283 0.00926066 0.142687 0.154864 -0.0377259 0.0284056 0.203956 0.237509 -0.0644271 0.020611 0.194846 0.208392 -0.0572034 0.000718283 0.126983 0.103902 0.0269412 -0.032083 0.12372 0.154152 -0.00220287 -0.0406883 0.187186 0.248025 -0.0647619 0.00595446 0.202657 0.213807 -0.0593641 0.00551477 0.124132 0.0989328 0.00481529 0.0144921 0.0821169 0.109979 0.0134804 0.0172059 0.131398 0.194071 -0.0316225 0.0195395 0.14797 0.176856 -0.0441432 0.0099359 0.0917205 0.0757961 
0.0171246 -0.0323075 0.12869 0.157254 -0.0556243 -0.0865497 0.191839 0.270529 -0.0627447 -0.0758447 0.145161 0.223066 -0.0238226 -0.0260444 0.0754987 0.090718 -0.0208253 -0.0723873 0.177575 0.20327 -0.0580505 -0.0989473 0.233052 0.269871 -0.01753 -0.0119789 0.169352 0.190904 -0.0201672 0.00397033 0.0844731 0.0799967 -0.019243 0.0116321 0.128193 0.172461 0.00804053 0.0413709 0.159924 0.198273 -0.0138975 0.0214389 0.143348 0.132311 -0.0306371 0.00611994 0.0707998 0.0520624 -0.00968236 -0.00607522 0.0654238 0.131457 0.00154963 -0.0184179 0.0940624 0.147775 -0.0108414 -0.00734485 0.0771509 0.104256 -0.0131766 0.00550622 0.0539132 0.0486166 
0.00528167 0.0121523 0.0799528 0.0738065 -0.0104025 0.0106114 0.157515 0.135128 0.0315775 0.00276702 0.135005 0.124167 -0.0265 0.00381264 0.0804478 0.0602742 0.0167212 0.00336372 0.12702 0.10534 -0.0504101 -0.00236203 0.281751 0.222028 0.0662372 -0.00128377 0.24911 0.20191 -0.042763 0.012232 0.138953 0.0917299 0.0115395 -0.00720698 0.123946 0.0967415 -0.0549201 -0.00712789 0.28662 0.199223 0.0743929 -0.0133135 0.280294 0.186962 -0.0375825 -0.0129074 0.152316 0.0933525 0.00478295 -0.0163191 0.0712369 0.0728561 -0.0225906 -0.0180053 0.142724 0.134792 0.0308511 -0.0263038 0.148712 0.134737 -0.0180172 -0.0212394 0.0878717 0.0738574 
-0.00294894 0.00317402 0.0828953 0.080682 -0.011108 -0.00555092 0.127473 0.141049 -0.00705819 -0.0136001 0.141463 0.142504 -0.0195241 -0.0106213 0.071988 0.0744411 -0.0034596 0.00561784 0.147585 0.127694 -0.0344675 0.0107673 0.245713 0.236543 -0.0327289 -0.0244183 0.230839 0.21678 -0.024042 -0.0199795 0.0939723 0.0925328 0.0140472 0.0071018 0.142745 0.141046 -0.0155314 0.0535907 0.229027 0.266965 -0.064276 0.0796046 0.216296 0.247954 -0.0277957 0.0349825 0.0917806 0.104932 0.014537 -0.00870978 0.080433 0.0946481 0.0112624 -0.0190567 0.120987 0.173461 -0.0290522 -0.00697601 0.128884 0.173579 -0.0212585 0.00639855 0.0620398 0.0837477 
0.0639279 0.0509254 0.083751 0.0774757 0.0101619 0.113187 0.068852 0.161587 -0.0164625 0.0887631 0.0706677 0.140172 -0.00911088 0.0433246 0.0445697 0.0826323 0.137312 0.00828956 0.197045 0.101673 0.0186331 0.0274433 0.218618 0.195537 -0.0356829 0.030706 0.230381 0.208363 -0.0223883 0.0241533 0.119883 0.124667 0.154652 0.0102874 0.223531 0.0811587 0.011461 0.0274506 0.242138 0.169659 -0.0323033 0.0237413 0.239664 0.189465 -0.0289809 0.0107911 0.136757 0.130043 0.0960646 -0.00249752 0.138862 0.0515223 0.00940305 -0.0145708 0.126416 0.0953631 -0.0211861 -0.00582153 0.122031 0.10422 -0.013651 0.0010861 0.0776043 0.0752661 
0.00222003 0.00816201 0.0624923 0.0749122 -0.00393016 0.011991 0.0754374 0.110583 -0.00467881 0.00409717 0.0644785 0.0951572 -0.00265695 0.00291495 0.045389 0.0538718 0.0137749 0.0141924 0.139893 0.165259 -0.0161508 0.0458029 0.180209 0.276653 -0.0271549 0.0147401 0.141611 0.183171 -0.00783144 -0.00255177 0.0725454 0.0811916 0.0310196 -0.0254173 0.149462 0.202882 -0.00279773 -0.043221 0.219795 0.428282 -0.0464968 -0.0150879 0.176211 0.296028 -0.0101908 -0.000979199 0.080979 0.108186 0.00334727 -0.00140232 0.0804118 0.107887 -0.00312351 -0.0250654 0.102152 0.178828 -0.011994 -0.0195195 0.0866091 0.134174 -0.00516496 -0.00958639 0.0547254 0.0694627 
-0.00199523 0.00232445 0.0239521 0.0333736 0.000569663 0.000747643 0.0329359 0.052883 0.00157778 0.0052291 0.0484131 0.0573467 -0.0544635 0.00106575 0.0672846 0.0263668 0.00287824 0.0207466 0.048846 0.0828984 0.0131516 0.0574054 0.0970217 0.166312 -0.00652497 0.0486394 0.1283 0.186615 -0.094953 0.0177566 0.131342 0.0768412 0.00777294 0.0193508 0.0946646 0.142958 0.0202937 0.0154193 0.201556 0.319631 -0.0170765 0.0165229 0.252307 0.395243 -0.107253 0.0072702 0.184042 0.153625 0.00128119 -0.00157453 0.0700856 0.09277 0.0157253 0.00230717 0.129432 0.181466 -0.00963755 0.0107208 0.15491 0.209188 -0.0704392 0.00481326 0.123492 0.0910146 
-0.00634093 0.0166215 0.0384956 0.0469804 -0.119586 0.0149772 0.188598 0.0830556 -0.0486766 0.0138226 0.178397 0.11822 -0.0201426 0.00306574 0.0477876 0.0313001 -0.00172652 -0.00962833 0.0609495 0.0440501 -0.173908 0.000263467 0.330534 0.106898 -0.0874733 0.00354434 0.325494 0.200598 -0.0397282 0.00283483 0.0845833 0.0470012 0.0093571 0.00160223 0.0420048 0.0235316 -0.175422 0.0078602 0.320366 0.0783299 -0.0934024 -0.0181896 0.338221 0.164629 -0.0388904 -0.00358983 0.0949018 0.0389936 0.00613808 -0.00625777 0.0314002 0.0212468 -0.102468 -0.00889363 0.205142 0.0594807 -0.0668363 -0.0040233 0.223469 0.115619 -0.0224628 -0.000849829 0.0610109 0.0287344 
0.130852 0.0274027 0.170959 0.0597599 0.0573268 0.0987859 0.132439 0.156905 -0.0359993 0.0600351 0.115451 0.130399 0.00196272 0.0187441 0.0645461 0.0870574 0.218594 -0.0194169 0.246856 0.0650305 0.0703378 -0.0749004 0.166881 0.14517 -0.071764 -0.068992 0.190274 0.150748 -0.0288786 -0.0291154 0.122759 0.125474 0.134428 -0.0506908 0.177495 0.0902608 0.0233467 -0.200197 0.147933 0.279947 0.0119923 -0.184988 0.135835 0.243172 -0.0338138 -0.0892967 0.0963494 0.143362 0.0644223 -0.0025231 0.0863656 0.0307803 -0.00212531 0.00992776 0.0853161 0.0742989 0.0102545 0.0262754 0.0577005 0.0817845 0.00622604 0.0232308 0.0467475 0.0755634 
0.0249316 0.00471382 0.101021 0.113489 -0.0148788 0.00813744 0.124216 0.215651 -0.0243624 -0.0105513 0.134591 0.21911 -0.0204611 -0.0178049 0.077532 0.111609 0.0554014 -0.0320233 0.154397 0.174716 -0.022143 -0.0455495 0.204177 0.341247 -0.0542279 -0.0202834 0.200161 0.32243 -0.0327599 -0.00269141 0.109325 0.164207 0.0368001 -0.0259371 0.110778 0.121886 -0.0204309 -0.0684172 0.148066 0.209102 -0.0132989 -0.0449506 0.147047 0.189348 -0.0202035 -0.00561488 0.0955851 0.118078 0.00602184 -0.029331 0.0474202 0.0668818 -0.00714651 -0.0516071 0.0528618 0.103857 0.00458291 -0.0454842 0.0525733 0.0961428 -0.00473916 -0.0274642 0.0405181 0.0663246 
-0.00116606 -0.0144627 0.0589117 0.0555883 0.00778949 -0.015792 0.0692161 0.0689924 0.00615781 -0.00986935 0.0731377 0.0760509 0.013372 0.0028964 0.106475 0.0847718 -0.0276759 -0.0596421 0.134692 0.159004 0.0603276 -0.0843745 0.174777 0.266737 0.0269916 -0.0258228 0.138715 0.263827 0.0300038 -0.0194605 0.155543 0.163583 -0.0421085 0.0760054 0.145858 0.165518 0.0643743 0.0757258 0.191563 0.259203 0.0398718 0.032976 0.154803 0.272859 0.0173825 0.0110008 0.157666 0.190254 -0.0372958 0.0168368 0.0929788 0.0595223 0.0204754 0.015324 0.0804862 0.0662944 0.0206323 0.012617 0.0985581 0.0911455 0.0085857 0.000809822 0.112537 0.111989 
0.016012 0.00838563 0.115266 0.0875018 0.0182189 0.0192305 0.185708 0.146219 -0.0115282 0.0167435 0.127336 0.114466 -0.00911408 0.00809277 0.059614 0.0574914 0.0360146 0.000529466 0.204313 0.106094 0.0240896 -0.00220794 0.360042 0.193347 -0.0190546 -0.0132314 0.199282 0.13471 -0.0111916 -0.00262065 0.0946231 0.0716436 0.0498356 0.00329591 0.210906 0.100597 -0.0032364 -0.00513927 0.359619 0.170489 -0.00832742 -0.00949444 0.166617 0.103984 -0.00604422 -0.00246934 0.0843666 0.069116 0.0293801 -0.00157205 0.126359 0.0675737 -0.00771278 -0.00905915 0.204462 0.110342 -0.0116509 -0.00904004 0.102943 0.0715585 -0.00346006 -0.0106144 0.052898 0.0467878 
-0.00347465 0.000803377 0.0134684 0.0199559 0.0112373 0.0117324 0.0276526 0.0335065 0.0380304 0.0724708 0.114449 0.13715 -0.00622017 0.0542517 0.0649818 0.104251 0.00247971 0.00350179 0.0155541 0.0220042 0.0599576 -0.0162541 0.102458 0.13165 0.0385207 -0.0864583 0.404543 0.596446 -0.0402122 -0.0704071 0.220099 0.359361 -0.000300007 -0.00105502 0.00935319 0.0178597 -0.00582914 -0.00613303 0.0246659 0.0381743 -0.0022229 -0.0510768 0.0460006 0.0974971 -0.0032486 -0.0183373 0.030679 0.0623416 -0.0018661 0.00652577 0.00652317 0.0143311 6.80285e-05 0.00594075 0.010653 0.020032 -0.00214475 0.00613926 0.00754125 0.0150376 0.000538358 0.00535932 0.0204538 0.017157 
0.00283117 0.0180493 0.0664927 0.109829 0.0110631 0.0427349 0.0901331 0.182594 -0.00484417 0.0350876 0.108264 0.150409 -0.064064 0.01081 0.0970031 0.0570108 0.0164527 -0.0216176 0.113646 0.196206 -0.0107142 -0.0695572 0.158483 0.329002 -0.00669602 -0.0711693 0.171224 0.255107 -0.0951623 -0.016786 0.141458 0.0852652 0.00623077 0.00982886 0.109069 0.175944 -0.0120369 0.0262626 0.156214 0.308677 -0.00362093 0.0213738 0.161654 0.247305 -0.0842992 0.00341483 0.133499 0.0875884 0.00440455 -0.00483399 0.0680685 0.102466 -0.00715532 -0.0155991 0.0998944 0.174267 -0.0077327 -0.0194357 0.096715 0.152677 -0.0538919 -0.00608779 0.084422 0.0601427 
0.000337695 0.00355134 0.0518345 0.0530653 -0.0329626 -0.00339153 0.107731 0.103785 -0.0585539 -0.00759546 0.191928 0.143748 -0.0204447 0.00516535 0.100136 0.0695821 0.00241236 -0.0124684 0.0670631 0.0895653 -0.0441935 0.00860458 0.136969 0.160665 -0.0798422 0.032181 0.286271 0.246209 -0.0325545 0.00908358 0.139566 0.110558 0.00500253 -0.00024915 0.0565442 0.0737644 -0.0161551 0.00336815 0.107903 0.149321 -0.0862054 0.00956844 0.223058 0.207301 -0.0483128 -0.0169456 0.14663 0.11585 0.00144423 -0.133099 0.0213994 0.144045 -0.00474537 -0.205186 0.0341162 0.230244 -0.0409276 -0.178034 0.0744402 0.227754 -0.0203963 -0.0811122 0.0529546 0.106593 
-0.00346599 0.000350324 0.0572117 0.0678719 -0.0198694 0.000668048 0.0969722 0.102037 -0.00241716 -0.000562824 0.0979238 0.112554 0.00519522 -0.00235363 0.0715645 0.0837531 0.00160732 0.0163084 0.0911376 0.117498 -0.00501895 0.0659789 0.181988 0.238493 -0.0335751 0.0582337 0.189858 0.260166 0.00330534 0.0115504 0.116885 0.172905 0.00617699 -0.0107224 0.0860781 0.138757 0.00728719 -0.0328154 0.176168 0.29979 -0.0308658 -0.00591105 0.199282 0.351494 -0.0109778 0.0114814 0.120294 0.204364 0.00238223 -0.0238844 0.0468516 0.0905028 0.00104163 -0.0340289 0.0857609 0.163778 -0.00476112 -0.0358863 0.098037 0.181865 -0.007447 -0.0239822 0.0605354 0.109687 
-0.00509545 -0.0224801 0.0540207 0.101483 -0.0171924 -0.0341675 0.0865104 0.178384 0.0124015 -0.00832729 0.0896265 0.163769 -0.00264455 -0.00600484 0.0577608 0.0951529 -0.00552847 0.0871862 0.0946859 0.253843 0.00165793 0.172716 0.120073 0.437529 -0.0083563 0.140439 0.177361 0.397573 -0.0157301 0.0528582 0.0905032 0.181978 0.0123268 0.0201989 0.0738665 0.0956068 -0.0018712 0.0263286 0.0694525 0.153751 -0.0369654 0.0223863 0.103624 0.16035 -0.024623 0.0203247 0.0730658 0.0920973 0.0123766 -0.0142296 0.045669 0.0485055 -0.0020301 -0.0154195 0.0373699 0.0624407 -0.0120411 -0.0106748 0.0485115 0.0762238 -0.0136463 -0.00214602 0.044721 0.0489529 
0.054268 0.048813 0.0847959 0.0749837 0.0238981 0.130393 0.0757622 0.184744 -0.00331233 0.150947 0.0521574 0.197694 -0.0174188 0.0863529 0.0402641 0.112784 0.11471 -0.0118367 0.185407 0.078527 0.0524383 -0.0461538 0.199759 0.206323 0.0171996 -0.0437535 0.153222 0.214655 -0.0290588 -0.00707694 0.099726 0.114628 0.0976672 -0.00515402 0.178067 0.0916066 0.0365947 0.0058769 0.217815 0.249485 0.0147749 -0.00111454 0.174662 0.308982 -0.0241313 -0.017545 0.105983 0.164263 0.0576164 -0.000402477 0.105739 0.055721 0.0294536 -0.0156616 0.130912 0.143841 0.00651235 -0.0060117 0.094065 0.130012 -0.013204 0.00760979 0.0702878 0.081155 
0.0136603 0.00893408 0.042844 0.0345729 0.0104277 0.0237626 0.0564082 0.0797864 0.0261347 0.0461805 0.0893822 0.135563 -0.00641062 0.0340974 0.0692415 0.0972452 0.0258129 0.0145885 0.0899337 0.0705408 0.0552426 0.0469993 0.165496 0.199236 0.0699806 0.0659063 0.255738 0.297428 -0.0253718 0.0276382 0.140298 0.171266 0.0269395 -0.012173 0.101567 0.110331 0.0377022 -0.0657443 0.19211 0.291083 0.0716358 -0.107563 0.266992 0.322121 -0.0257479 -0.0429012 0.141714 0.159435 0.00993865 -0.0146286 0.0519449 0.0578662 -0.0062679 -0.027238 0.0678344 0.103388 0.0266284 -0.0484632 0.0933884 0.1262 0.00144389 -0.0355053 0.0651504 0.0918363 
-0.00333783 0.0773524 0.0412487 0.150204 -0.0142582 0.11478 0.0567756 0.188324 0.00292329 0.100622 0.0502994 0.156943 0.00120904 0.0623124 0.0245134 0.0933538 -0.00738964 0.0342414 0.133566 0.246363 -0.0129183 0.0707296 0.187838 0.299793 -0.0153918 0.086919 0.143096 0.291201 -0.0066361 0.0507417 0.0998219 0.202777 -0.0185416 0.0136924 0.117355 0.181602 0.00889872 0.000135383 0.15634 0.233446 -0.0203758 -0.00262539 0.142872 0.211244 -0.00108838 0.00335126 0.111075 0.133807 -0.00756652 -0.0103896 0.0660223 0.0986124 -0.00129074 -0.00841131 0.0801998 0.123769 -0.016399 -0.00982715 0.0845452 0.1091 0.00151811 -0.00537972 0.0632777 0.0714382 
0.00197636 0.00474447 0.0773349 0.111692 -0.0138185 -0.0115749 0.119616 0.170753 -0.00146751 -0.0189192 0.142473 0.168729 -0.0195845 -0.00899336 0.104108 0.0992104 0.000429385 0.0164647 0.130747 0.182552 -0.0458825 0.0243951 0.219474 0.278555 -0.000917285 0.0131628 0.273796 0.247819 -0.0316003 -0.00898386 0.181198 0.15883 0.00499209 -0.0217472 0.100577 0.113497 -0.00927311 -0.00913844 0.170998 0.193795 -0.0289068 0.0109145 0.232794 0.21329 -0.040857 -0.00148343 0.164768 0.13408 0.00438169 -0.0118695 0.0484899 0.0602454 0.000924125 -0.0232374 0.0867551 0.092752 -0.0122018 -0.018878 0.114517 0.116986 -0.0234996 -0.00772568 0.0924971 0.0763903 
0.0105237 0.00266188 0.0678591 0.0769444 0.00206655 -0.000171928 0.0917802 0.145927 0.00404071 -0.0131287 0.0955493 0.162578 -0.00153223 -0.0079815 0.0634664 0.103539 0.0163665 -0.00217756 0.111034 0.124642 0.015244 0.0235289 0.151565 0.244498 0.0111037 0.0558817 0.167117 0.318315 -0.000670934 0.039 0.110497 0.209344 0.0169203 0.00241463 0.116111 0.122819 0.0187901 -0.0113878 0.161961 0.225734 0.0289491 -0.0220024 0.184848 0.329296 -0.00178016 -0.0153444 0.122579 0.228168 0.00878694 -0.00280513 0.0710403 0.0821833 0.00429027 -0.00113276 0.10007 0.144542 0.0131314 -0.00787055 0.105442 0.171818 -0.00464367 -0.0085005 0.0709879 0.11844 
-0.0284033 0.01597 0.087519 0.095262 -0.0345116 0.0125885 0.104678 0.124031 0.0107801 0.0106382 0.0796509 0.118407 0.00309387 0.0153998 0.0657081 0.0947332 -0.0373195 0.0363369 0.153568 0.15835 -0.0771902 0.0546948 0.204802 0.223776 0.0175567 0.0235064 0.146943 0.174901 0.0116854 0.0137947 0.116962 0.134579 -0.00609013 0.00886673 0.160408 0.163999 -0.110719 0.0309024 0.264421 0.26978 -0.00424206 0.00696873 0.188649 0.227527 0.00657778 -0.00586977 0.124567 0.146044 -0.00171519 -0.0333154 0.0891723 0.109577 -0.0573913 -0.0326736 0.14152 0.166361 -0.00655178 -0.0209169 0.122255 0.156543 0.00377195 -0.0159938 0.0805049 0.10218 
0.00206593 0.0115412 0.0328678 0.0675491 0.00047274 0.00303252 0.0538761 0.122813 0.0813793 0.0526415 0.131175 0.14878 0.0522235 0.0549971 0.0773009 0.101042 -0.0174027 0.00967377 0.0649602 0.0955831 -0.00185379 -0.0130857 0.123958 0.174685 0.217324 0.0485123 0.295591 0.158169 0.0533197 0.0302878 0.0771894 0.0467554 -0.036905 0.045546 0.0918088 0.113059 -0.010921 0.0174282 0.241221 0.115035 0.239479 0.0090759 0.357662 0.114565 0.0441141 -0.00171233 0.0633264 0.0297667 -0.0228649 0.0811123 0.0760952 0.158216 -0.0135179 0.163653 0.173739 0.229686 0.064909 0.0300616 0.22361 0.119868 0.0272705 -0.0176151 0.0469185 0.0323782 
0.0570814 -0.0460039 0.0749701 0.0569314 0.0333907 -0.0607993 0.0580406 0.0684006 -0.10236 -0.103897 0.160574 0.132698 -0.0287095 -0.0462481 0.0926834 0.0756059 0.060031 -0.0269691 0.0882461 0.0614255 -0.00881031 -0.108079 0.160303 0.132693 -0.0736499 -0.0253451 0.23616 0.189412 0.000833119 0.0484334 0.0895022 0.120213 0.0323932 -0.00956586 0.0614432 0.0471734 0.0562177 0.0135471 0.269346 0.211039 0.063862 0.090615 0.185129 0.216059 0.0188932 0.086452 0.0804139 0.12834 0.0383461 0.185631 0.0499928 0.212159 0.0614323 0.275747 0.0911564 0.347833 -0.0274491 0.170811 0.113437 0.222071 -0.0107781 0.0200502 0.0485552 0.0476465 
0.0456516 0.00198064 0.0631782 0.0240231 0.0492249 0.0190842 0.110844 0.0882413 -0.0112094 0.0190731 0.120387 0.11092 0.00301279 0.010404 0.0653749 0.0812923 0.07382 -0.0050021 0.104135 0.0349519 0.0524793 -0.0486151 0.214965 0.159432 -0.0264833 -0.0865507 0.242878 0.239782 0.0231072 -0.04365 0.134795 0.180473 0.0726989 0.000739176 0.109475 0.0358128 0.0585609 0.0397329 0.253224 0.177401 -0.0382389 0.0757438 0.245918 0.291278 0.0128318 0.0343062 0.150289 0.207974 0.0369771 -0.0106479 0.0633335 0.0274106 0.0521061 -0.0482705 0.124703 0.109772 -0.0149484 -0.0456855 0.12784 0.164222 0.000681813 -0.0221 0.0730794 0.118051 
-0.000619283 -0.00220353 0.0351916 0.0182874 0.0716353 0.00931793 0.136436 0.0840914 -0.0105502 0.0156387 0.135811 0.114846 -0.0425873 0.00447685 0.0788541 0.055092 0.00205894 -0.00171171 0.0445279 0.0241049 0.159834 0.0294418 0.279385 0.132928 -0.0605788 0.0116928 0.295442 0.166292 -0.0615888 -0.00262957 0.138421 0.07173 0.00468541 0.00482012 0.0471568 0.02673 0.164581 0.00535071 0.325316 0.162562 -0.0855772 -0.0145568 0.31688 0.175802 -0.0538305 -0.000452149 0.12883 0.0664415 0.0049129 0.00498882 0.0368304 0.025456 0.0781283 -0.00973766 0.183589 0.106846 -0.0429303 -0.0177262 0.18243 0.110306 -0.0353331 -0.00494352 0.0781117 0.0443659 
0.0252228 -0.0123849 0.0609325 0.0467542 0.0232446 -0.00775191 0.0843057 0.0997618 0.0027938 0.00884699 0.0842569 0.105277 -0.111564 -0.00178392 0.166836 0.0560504 0.0291557 -0.00877679 0.0870065 0.115635 0.0340052 -0.0449936 0.145661 0.246661 0.0308745 -0.0432456 0.15536 0.222508 -0.169297 0.000622176 0.253802 0.0875414 0.0330162 0.0234579 0.0912754 0.0979596 0.0235223 0.0549973 0.123774 0.18418 0.0344484 0.0513294 0.157033 0.218268 -0.183377 0.0115099 0.260697 0.115436 0.0116215 -0.0747794 0.0379222 0.0964273 0.0121726 -0.142214 0.0406043 0.166588 0.00743719 -0.160449 0.0518529 0.187138 -0.0712224 -0.069442 0.107186 0.0944192 
0.00394163 0.0231655 0.061431 0.116746 -0.0125157 0.0281995 0.0829691 0.201312 -0.0102857 0.0121285 0.0824427 0.158048 -0.0102602 0.00644095 0.050596 0.0779993 0.0053318 -0.0076713 0.125489 0.218618 -0.0270335 -0.0143411 0.16508 0.448815 -0.0220027 -0.00517045 0.161651 0.364919 -0.0121604 0.00282804 0.0877615 0.145151 0.00493161 -0.0137509 0.100103 0.159954 -0.0141106 -0.00156397 0.132468 0.263878 -0.0182967 -0.00634123 0.131029 0.207708 -0.0162588 -0.00110259 0.0835529 0.104193 0.00484811 -0.00897778 0.0490083 0.059293 -0.00596922 -0.0151946 0.0586793 0.0832478 -0.00752827 -0.0119792 0.0617085 0.0819933 -0.00566105 -0.00264741 0.0479226 0.049818 
0.00457806 0.0282955 0.0271322 0.0548042 0.000735269 0.0538622 0.0365063 0.100932 -0.00380454 0.0596567 0.0510882 0.115212 -0.0251339 0.0236638 0.0386312 0.0416895 0.0237819 0.0389893 0.0899204 0.11509 0.0142945 0.0769981 0.155721 0.251877 -0.00345122 0.0830616 0.199106 0.325545 -0.0772219 0.0333531 0.122218 0.106566 0.0376133 0.00514273 0.12117 0.121442 0.023184 0.0235861 0.202906 0.253593 -0.0161973 0.0304633 0.249043 0.300133 -0.0941299 0.0138597 0.154527 0.103493 0.0152617 -0.00719238 0.0690981 0.0712959 0.019149 -0.0289272 0.107146 0.153807 -0.00690934 -0.0282403 0.132453 0.196914 -0.0575404 -0.0120528 0.0897143 0.0715242 
0.115886 0.0122058 0.146144 0.0238311 -0.0252778 0.0371724 0.107961 0.073426 -0.0522529 0.013993 0.187451 0.10714 0.0101398 -0.00194005 0.0984603 0.065052 0.193563 0.00932099 0.220371 0.0203155 -0.0675929 0.00285396 0.16681 0.103026 -0.0965882 -0.0202268 0.348874 0.231648 0.00694138 -0.00688378 0.165618 0.125133 0.191053 -0.00981241 0.221468 0.0211966 -0.0475849 0.00749664 0.128894 0.0781053 -0.0928654 0.033821 0.264078 0.179695 0.0059171 0.0075622 0.132933 0.113424 0.11835 -0.00699064 0.130838 0.0149214 -0.0164351 -0.0140263 0.0791578 0.038217 -0.0680969 -0.0164668 0.121151 0.068932 0.00396515 -0.00893848 0.0796452 0.0620407 
0.0158209 -0.0351125 0.0663174 0.0763523 -0.0258038 -0.0523839 0.0998445 0.12474 0.00230418 -0.0193422 0.112067 0.124875 0.00543543 0.0271751 0.110124 0.0867313 0.018186 -0.016191 0.108073 0.0758006 0.0521593 0.0483069 0.196658 0.159389 0.0532669 0.1119 0.15145 0.174151 -0.0188038 0.0261694 0.188969 0.09662 0.0253673 0.160849 0.0931984 0.217183 0.045995 0.163161 0.159118 0.243151 0.00441557 0.0407191 0.094657 0.107318 -0.0657293 0.00879959 0.17614 0.077623 0.00906553 -0.122539 0.0303375 0.208708 -0.0138627 -0.196844 0.0560873 0.275724 0.00151076 -0.164034 0.0406962 0.189759 -0.0274168 -0.0937286 0.0538704 0.113128 
0.0195782 0.00178221 0.0850931 0.105417 0.0211257 -0.00355882 0.110403 0.121135 -0.0758536 -0.0279781 0.126716 0.0909847 -0.0263161 -0.017989 0.0554025 0.0501576 0.00861978 -0.0126912 0.133432 0.189684 -0.0348423 -0.0891636 0.205592 0.298603 -0.0920743 -0.0807003 0.163505 0.164875 -0.0270222 -0.0287245 0.0675202 0.0609704 -0.00479677 -0.0190443 0.119467 0.284057 -0.055116 -0.0249136 0.200358 0.433223 -0.0728304 -0.000368021 0.151535 0.18163 -0.0294563 -0.00738376 0.0498699 0.0445482 -0.00577835 -0.0375904 0.0431166 0.131008 -0.0118945 -0.034988 0.0624563 0.1672 -0.0351582 -0.000302409 0.0645289 0.100551 -0.0169484 0.00294979 0.0331427 0.036269 
0.00831466 0.0254801 0.0664979 0.156918 0.00254741 0.05636 0.0927692 0.254023 0.00983755 0.0726211 0.0779125 0.145567 -0.0255931 0.0371318 0.0569384 0.0571703 0.00978484 -0.0179561 0.122311 0.242603 0.0423427 -0.0330608 0.189432 0.364827 0.0241337 0.00415187 0.143424 0.125688 -0.0477971 0.00627437 0.0995521 0.0334724 -0.00444935 -0.0118125 0.12367 0.251354 0.0477881 -0.00450739 0.19549 0.364665 0.0414708 -0.00103904 0.155242 0.134684 -0.0515918 -0.00510833 0.101131 0.0363278 -0.00092405 0.00121045 0.0710811 0.134219 0.026379 -0.00635692 0.114161 0.223791 0.0254163 -0.0136926 0.0885679 0.0943012 -0.0352554 -0.00138515 0.0614436 0.0304026 

0.000475425 0.0126822 -0.00961374 -0.0136379 -0.0157996 0.0197704 -0.00719072 -0.0183618 -0.00231384 0.0155943 -0.00506055 0.0132839 0.00905212 0.00530929 0.00275309 0.0235558 0.00467426 0.00958397 -0.008962 -0.0230334 -0.0461461 0.00147839 0.0092459 -0.0318756 -0.0125874 -0.0186301 0.00100754 0.0175642 0.0167257 -0.0054078 0.00766198 0.0355026 0.00436171 -0.0078119 -0.00185848 -0.0139395 -0.057194 -0.00912651 0.0263742 -0.02394 -0.0122223 -0.000940991 0.00707542 -0.00780553 0.0192744 -7.92284e-05 0.0101034 0.0233761 -0.00179038 -0.00620803 -0.00142628 -0.00471072 -0.0236448 -0.00504386 0.0157662 -0.00880657 -0.00353271 0.00218103 0.0162033 0.00442117 0.0104714 0.00128236 0.00911864 0.0170305 
0.0494812 -0.0018067 0.0342116 -0.0355485 0.0285004 -0.00363764 0.000319115 -0.0466145 -0.00963818 -0.0155902 -0.0478289 -0.0604272 -0.000539611 -0.0131285 -0.0316072 -0.0262527 0.0745567 -0.00539734 0.0582028 -0.0471007 0.00650748 -0.0614828 0.0506669 -0.0119901 0.00586919 -0.051896 -0.0451255 -0.0352261 0.0118887 -0.0082065 -0.0428447 -0.0302071 0.0693881 0.00748559 0.0443907 -0.0382286 0.0271243 0.0501202 0.0556898 0.0387586 0.00317631 0.0728272 0.00428861 0.0154313 0.00907948 0.0248798 -0.0354915 -0.00790699 0.0435285 -0.00343395 0.0186986 -0.0196971 0.0263771 -0.0301786 0.00748118 0.0242054 0.00227833 -0.0335885 -0.0124234 0.0179462 0.000613659 -0.0113909 -0.0239648 0.00529241 
-0.019176 -0.0143333 -0.0228226 0.0164495 -0.00133382 -0.0273507 -0.0143878 0.0225679 -0.00936459 -0.0158186 -0.022373 0.0175011 -0.0108156 -0.00299455 -0.0126422 -0.00280326 -0.0282247 0.0188568 -0.0399166 0.0432418 0.014163 0.0489688 -0.0336958 0.0855216 -0.040506 0.0389027 -0.042375 0.00214782 -0.00913155 -0.00128092 -0.0251679 -0.0321075 -0.0258965 -0.0113932 -0.00785471 0.0663472 0.0153326 -0.0541901 0.0448885 0.0478097 -0.0512662 -0.0434158 0.0348534 -0.0237159 -0.0194601 -0.0133874 -0.00765349 -0.048568 -0.0131818 -0.00359222 -0.0074575 0.0222442 0.0095839 -0.000289107 0.0238375 0.0169745 -0.0194795 -7.19087e-05 0.00508536 -0.0293553 -0.00767724 0.0112331 -0.0131295 -0.0348498 
-0.00328591 -0.0175139 0.0042472 -0.00734642 -0.0036169 -0.0440222 -0.0135652 -0.0253571 -0.00960217 -0.0544019 -0.00698539 -0.0228595 -0.00149195 -0.0252505 -0.0134211 -0.0216733 -0.00717327 0.0267996 -0.00246866 0.0317432 -0.0313448 0.026399 -0.0189724 0.0251217 -0.0293324 -0.0089452 -0.020203 -0.000262648 0.0169275 -0.00967054 -0.031407 -0.0158383 -0.0174857 -0.00374502 -0.0130651 0.0262105 -0.0173902 0.0426165 -0.00800306 0.0392921 -0.0589258 0.0710895 -0.00255028 0.0139457 0.0229604 0.0219506 -0.0267299 -0.0141781 -0.00348179 0.0109849 9.16667e-05 0.0040835 0.0317998 0.0437586 0.0192587 0.0148941 -0.0415964 0.0557824 0.0322469 0.00952967 -0.00388537 0.0225047 0.00141774 -0.0147287 
-0.0235815 -0.0425878 -0.00951165 0.0560432 0.0535947 -0.109997 -0.0101788 0.0891681 0.0542148 -0.135883 0.027043 0.130287 0.0305959 -0.103479 0.000659913 0.0769777 -0.0715554 0.0619606 -0.00492237 0.0051087 0.00814187 0.0340978 -0.054768 -0.0243462 0.0135218 -0.0478192 -0.071133 -0.0193315 0.0447044 -0.0576237 -0.0288182 0.0086753 -0.0630966 0.00442992 0.0505493 -0.00681462 -0.055911 0.000182449 -0.0106014 -0.0586096 -0.00386182 -0.0190953 -0.0572364 -0.0608187 0.0251837 -0.0232496 -0.0325733 -0.0244287 -0.0407909 -0.0254738 0.0263473 0.00884735 -0.0256502 -0.0058864 -0.0111729 -0.012318 -0.013318 0.00731034 -0.0173411 -0.0212958 0.0184335 0.00376152 -0.0144476 -0.00567717 
-0.00232222 -0.00384234 -0.0253393 -0.0225407 0.00444139 -0.00357487 -0.0588428 -0.0425049 0.00696204 0.000329932 -0.0571093 -0.0420607 0.0164554 -0.00112878 -0.00608527 -0.015857 -0.0135919 0.00192294 -0.0384681 -0.0256611 0.013363 -0.00726908 -0.0926452 -0.0591028 0.0275081 0.0265481 -0.0530889 -0.0487811 0.0220629 0.028224 0.00451593 0.00584125 -0.0231073 -0.00764082 -0.0371408 -0.0109526 0.0416343 0.00344151 -0.070613 -0.0263401 0.0991407 0.073295 0.0458739 0.0740251 -0.0237251 0.027407 0.0303897 0.0473601 -0.00997186 0.0128469 -0.0138288 -0.00703284 0.0365635 0.0189634 -0.0125575 0.0168574 0.0626283 -0.0192009 0.0560848 0.119414 -0.0154772 0.00208859 0.0362666 0.0789979 
-0.00728047 0.000925959 -0.0101323 0.00855215 0.0113907 0.00284926 -0.0176377 0.0135059 0.00789628 0.00796911 -0.0190226 0.00517329 -0.0176374 5.72939e-05 0.00147004 -0.0114131 -0.0110489 0.0236935 -0.0065844 0.0510011 0.0196021 0.0351859 -0.0129989 0.0778794 -0.0150581 -0.00111973 0.00936904 0.0364283 -0.0317615 -0.0161893 0.00733811 -0.0166832 -0.00620407 0.0114106 -0.0174921 -0.010224 0.00463897 0.0190064 -0.0331736 -0.032215 -0.0269353 0.0288607 0.0189646 -0.00210936 -0.03577 0.0170834 0.0227258 -0.0121464 -0.00222478 0.00348959 -0.0102731 -0.0129043 0.00323613 0.0109331 -0.0204284 -0.0363462 -0.00740469 0.00973007 0.00548458 -0.0134308 -0.0238963 0.00946557 0.0223178 -0.00738437 
-0.00171232 0.0184698 -0.0047241 0.0372601 0.00715064 0.0441744 -0.00348437 0.0673367 -0.00558031 0.0521418 -0.0196887 0.0568915 0.0113078 0.0289026 -0.0231414 0.0334909 -0.00200889 0.0122818 0.00852194 0.0502767 0.0302266 0.0213351 0.0162764 0.0678291 -0.00460121 0.0265856 -0.0206196 0.000788246 0.0129184 0.0209424 -0.0284698 0.00333599 0.00228716 0.00752179 0.00050945 0.0305249 -0.000404145 -0.0103945 -0.00443384 0.0110018 0.0167654 -0.0163602 -0.00942894 -0.0382852 0.0190477 0.00031389 -0.0240362 -0.023035 0.00350743 0.00366739 0.0038936 -3.57385e-05 -0.00526006 0.0140244 -0.00701035 -0.011754 0.012787 0.0170426 -0.0116401 -0.0264937 0.0100451 0.00353088 -0.0087242 -0.0127764 
0.00214991 -0.00611749 -0.0658038 -0.0773686 0.00556599 0.00216056 -0.0871842 -0.11597 0.0111281 0.0114484 0.00309809 -0.0833227 0.011303 0.00732 -0.0227693 -0.0315971 0.00369456 0.026846 -0.105076 -0.104815 0.0238727 0.0299751 -0.15465 -0.191699 0.0108139 0.0158646 0.0211409 -0.130179 0.0125553 -0.00040428 -0.0210171 -0.0461845 0.0254945 0.0433024 0.0903696 0.103418 0.0187566 0.110888 0.166216 0.138629 -0.050871 0.0306362 0.0491357 -0.0891017 0.0120327 0.0112085 -0.0378477 -0.0561413 0.0121625 -0.0330102 -0.00354342 -0.0171318 0.0136483 -0.0813584 0.012636 0.00363763 0.0042523 -0.0418373 -0.0187521 -0.054756 0.00679893 -0.00258238 -0.0345257 -0.0358537 
-0.0045269 -0.00165829 0.0150903 0.003003 0.00642076 -0.00385897 0.0163607 0.0133951 -0.0695441 0.00728247 0.0807784 0.00756085 -0.02331 0.00222149 0.0169386 -0.0412855 -0.012076 -0.0353474 -0.0158572 -0.0123805 -0.000931192 -0.0435459 -0.0233648 -0.0128456 -0.0561155 -0.0068549 0.111033 -0.0305143 -0.0413244 0.0121236 0.0418718 -0.072793 0.00575413 0.0230181 -0.0314958 -0.010649 0.0114387 0.04115 -0.0617845 -0.0575245 -0.0475289 -0.0158022 0.101839 -0.0833275 -0.0560402 -0.0168705 0.067626 -0.0674927 -0.000877415 -0.0436193 -0.0315776 0.0519155 -0.0170863 -0.0878175 -0.0489248 0.0220222 -0.0275148 -0.0645478 -0.0022799 -0.0235903 -0.014088 -0.0184411 -0.00275508 -0.0414252 
0.0288161 0.00500079 0.0234598 0.0474493 0.0136643 -0.00628593 0.00253595 -0.00843702 0.0251194 0.0112893 0.0122047 0.013722 0.00970021 -0.00947465 -0.009055 0.0031352 0.0813884 -0.0167911 0.0860404 0.0136165 -0.0208514 0.00521061 -0.0129513 -0.0383801 0.0574447 -0.0191211 0.00279686 -0.0466007 -0.0121698 0.00294963 -0.0238047 -0.037337 0.0961272 0.00599587 0.0747 -0.0229931 -0.0376193 0.029932 -0.0620263 -0.0778585 0.0363044 -0.00202985 -0.00702389 -0.0819545 0.00786715 -0.0200203 -0.0379454 -0.0530012 0.00735746 -0.0942217 -0.0341938 0.0686878 0.0114667 -0.192455 -0.0985327 0.0943935 0.0090407 -0.157867 -0.057688 0.0922691 -0.0177626 -0.107886 -0.0264275 0.0796941 
-0.00487446 -0.0116267 0.00609859 0.0173115 -0.00814428 -0.0250597 0.0165284 0.0373066 0.00311589 -0.0194949 0.00369939 0.0242944 0.00458214 -0.00359601 -0.00438731 0.000911624 -0.00906311 -0.00022753 -0.0039291 -0.00112985 -0.00426608 0.0163355 -0.00453528 9.57193e-05 0.018184 0.0334923 -0.00836383 0.0138313 0.00502174 0.0120531 -0.0120894 -0.00900607 -0.000824388 -0.000197915 -0.00907777 -0.0149608 0.00737011 0.00283871 -0.000998007 -0.0079765 0.0136278 -0.0040548 0.00530116 0.0253933 -0.00489258 -0.00514537 -0.00663427 -0.00235249 -0.000289092 -0.00178556 -0.00779492 -0.00470223 0.000525774 -0.00479289 -0.00416585 0.0108022 0.00797155 -0.00493852 0.0137131 0.0494383 -0.00316538 -0.00543865 -0.000743171 0.0159177 
0.0231405 0.00531238 -0.00561458 -0.0402547 0.0138007 0.0262117 0.0182706 -0.0116868 -0.00760017 0.0366145 0.0160624 0.0114244 -0.00684137 0.0118227 -0.0296793 -0.0287277 0.072234 0.0495132 0.0309485 -0.0148836 -0.00854825 0.0822463 0.0318117 0.00553997 -0.0341529 0.0330516 -0.000357022 0.060497 -0.0276762 0.00870388 -0.0317588 -0.0137777 0.0578286 -0.0551533 0.0237732 -0.00921609 0.00790844 -0.109357 -0.00634857 -0.0141391 -0.0307989 -0.0639607 0.014581 0.0455855 -0.0279491 -0.0131351 -0.0202509 -0.0165004 0.0207781 -0.000482931 -0.00288991 -0.0363212 0.00722502 -0.00910768 -0.0377196 -0.0586096 -0.0060517 -0.0133717 -0.026099 -0.0494263 0.00137044 0.00823549 -0.0264859 -0.0395375 
-0.0054743 0.00892731 -0.0217203 -0.0179687 0.00179565 0.0135697 -0.0399421 -0.0413823 -0.014702 0.00589985 -0.0309561 -0.0504839 -0.0461184 -0.00368678 0.0148247 -0.0340821 -0.00813149 0.0118127 -0.0429692 -0.01583 0.00648732 0.0300236 -0.0658327 -0.0530542 -0.041829 0.0292206 -0.0257275 -0.0458593 -0.08244 0.00306454 0.0440842 -0.0380307 -0.0124121 -0.031145 -0.0284741 0.0497965 0.00666459 -0.0637398 -0.0270156 0.0718792 -0.0195044 -0.0448963 0.0338995 0.0507163 -0.0879123 0.000961485 0.062895 -0.0153924 -0.00931256 -0.00358544 -0.00932606 0.00892033 0.00171561 0.00111613 -0.0254702 -0.00476439 0.00106845 -0.00684158 -0.00397336 -0.0188856 -0.0425567 0.00376383 0.0248327 -0.0184939 
0.00125044 0.00118378 -0.0173075 -0.0173662 -0.0123731 -0.00517778 -0.0106403 -0.00560883 -0.0307464 -0.0135027 -0.00140113 -0.00925407 0.00262897 -0.0125582 -0.032128 -0.0348285 0.00491912 0.00460055 -0.0232684 -0.0306746 -0.000550571 0.0472222 0.0197535 0.0401271 -0.0845123 0.0417573 0.0484628 0.00496029 -0.00107308 0.00501914 -0.0556865 -0.0652544 0.00558785 -0.00538457 -0.0259998 -0.0245481 0.00608401 -0.0439322 0.0163231 0.06058 -0.0769634 -0.0300674 0.0462837 0.027742 -0.00292557 0.00273466 -0.0487478 -0.0572801 -0.00551012 -0.0114945 -0.0210034 -0.00737887 -0.00871414 -0.023564 -0.031981 -0.00193678 -0.0157075 -0.00770925 -0.0183176 -0.00682691 -0.000333684 0.00821712 -0.0274405 -0.030117 
-0.0012759 0.0130515 0.0186033 0.0448148 -0.0242471 0.0170296 0.0283157 0.0381547 0.00201541 -0.00960022 0.0119659 0.00654471 0.00649757 -0.00860534 0.00325814 0.0162589 0.000344334 -0.0338166 0.0203417 0.067567 -0.059357 -0.0701583 0.0243429 0.0302746 -0.00295921 -0.0526174 -0.0197942 -0.0586387 0.0231549 -0.0260347 -0.0232853 -0.0207227 -0.0356083 -0.00534875 0.0166375 0.0591472 -0.042064 -0.0399245 -0.0160525 0.00164352 0.0301364 -0.0109051 -0.052611 -0.0244356 0.0249453 0.00620758 -0.0284687 0.011681 -0.0209905 -0.00104513 0.020089 0.0337467 -0.0146359 0.0238011 0.00794726 0.0127852 0.026653 0.0223133 0.00592737 0.00685939 0.0152411 0.00548082 0.0125733 0.0235063 
-0.00102246 0.00710839 -0.0319112 -0.0268488 -0.011185 0.0044491 -0.0201043 -0.0569694 0.0118999 0.013438 -0.0271546 -0.0355506 -0.00873381 0.00651673 -0.00868138 -0.0117107 -0.00262987 0.0128198 -0.034615 -0.0430399 -0.0449824 -0.0121039 0.0245391 -0.061045 0.037207 -0.0165235 0.0124748 0.0130491 -0.019975 0.00468718 -0.0173312 -0.016724 -0.0103241 0.00246767 -0.0243761 -0.0306318 -0.052291 0.0162128 0.0390034 -0.0118182 0.0472111 0.0130865 0.00241694 0.0350922 -0.0148855 -0.00444351 -0.0162269 0.00887181 0.00170603 0.0141521 0.0131786 0.0341174 -0.0332099 0.0362184 0.0626777 0.0633894 0.00348206 0.0109568 0.0276722 0.0467339 -0.00891973 0.00874339 -0.00285842 0.0222864 
0.0614654 -0.0216232 0.0502352 0.00526445 -0.0111009 -0.0204052 0.0195147 -0.00475356 -0.0458139 -0.0236009 0.03567 -0.0276661 -0.0113776 -0.0163633 0.0202667 -0.0175798 0.0974775 -5.36696e-05 0.0619509 -0.00497242 -0.0263221 -0.03021 0.0192129 -0.0311496 -0.073909 -0.0518233 0.0423975 -0.0499972 -0.00646909 -0.0127097 -0.00426052 -0.0449434 0.0546221 -0.0320856 0.0237935 0.00188349 -0.0330901 -0.0655928 -0.00868899 -0.0254098 -0.0496801 -0.0256316 0.00213316 -0.0496528 0.00818412 -0.00416416 -0.0233526 -0.0346587 0.0146246 -0.0330929 -0.011398 0.0204762 -0.00693689 -0.0737731 -0.0252109 0.0500089 -0.00717619 -0.050684 -0.0353118 -0.00111829 0.00749591 -0.0192762 -0.0214984 -0.00713573 
-0.0099939 0.0215858 -0.019252 0.0106798 -0.00476135 0.032259 -0.0379058 0.00265123 0.0203073 0.0451255 0.0556983 0.0180903 -0.00396741 0.0215411 -0.00600218 -0.00364593 -0.0144323 -0.00494316 -0.0242694 -0.0197366 0.00596537 0.0067462 -0.053528 -0.0692555 0.0171995 -0.00668735 0.104271 -0.0300423 -0.00572428 -0.00480029 -0.0211192 -0.0388596 -0.0114117 0.00346428 -0.0230455 -0.024206 0.0308422 0.0194202 0.00710405 -0.0360642 -0.018564 0.00682413 0.0961235 -0.0125467 0.000692462 -0.00525766 -0.0312296 -0.0421235 -0.00735354 0.00978165 -0.00612324 -0.00727526 0.0267439 0.0102175 0.0280585 -0.00373438 -0.0212913 0.0135573 0.0368861 -0.00309469 -0.002034 0.00870931 -0.0143528 -0.0251798 
0.0125889 0.00517276 -0.017421 -0.0176772 0.0134613 0.00851326 -0.0321688 -0.0321093 0.0448571 0.0179374 -0.00997377 -0.0150555 0.0140864 0.0123164 -0.00530085 0.00601305 0.00285022 0.0125329 -0.0285467 -0.0408245 0.0237812 -0.00185117 -0.0458204 -0.0783127 0.0601982 -0.0183366 -0.0335904 -0.0343224 0.0111616 -0.0151418 -0.00535206 0.0173198 -0.00215331 -0.0374315 -0.010835 -0.00869116 0.0121937 -0.0641917 -0.0237304 0.0115543 0.0488262 -0.0855642 -0.0191418 0.115167 0.00520893 -0.0509539 -0.0102713 0.0931251 -0.00252604 -0.0245818 -0.023027 0.0067003 -0.000165471 -0.0465061 -0.0410203 -0.0108615 0.00783006 -0.0576496 -0.0434541 0.00609149 0.00526818 -0.0419367 -0.0229752 0.0215062 
0.011117 -0.00807562 0.0331337 0.0256797 -0.0156847 -0.0129121 0.000322677 -0.00422705 0.0088036 -0.0118809 -0.0208527 -0.0200412 0.00527654 -0.00722583 0.0055045 0.0163733 0.0266402 -0.0362771 0.0292699 0.0258231 0.0571399 0.039695 0.0139656 0.0556675 0.0353927 0.133943 -0.0492123 0.0419126 -0.0213279 0.0673152 -0.0219457 -0.00179012 0.0192352 -0.00435233 -0.0220036 -0.0179013 0.0689519 -0.0663993 -0.0357627 -0.0116137 0.0219407 -0.170575 -0.0870729 0.0203411 -0.0091912 -0.110777 -0.0487705 0.00945874 0.012226 -0.0191894 -0.0233387 -0.031983 -0.00500635 -0.0304717 -0.0631581 -0.076213 -0.0149608 -0.0357969 -0.0721604 -0.0929642 0.00443894 -0.0226518 -0.0424593 -0.0545715 
0.00107883 -0.00571661 -0.00242357 -0.00944123 0.0236928 0.001792 0.00381262 -0.0118918 -0.0290698 0.00572912 0.0215355 -0.0130944 0.0011528 -0.00265645 -0.0076425 -0.0126124 -0.0010937 -0.00622667 -0.00957222 -0.00451597 0.035128 -0.0323032 -0.00656575 0.0233741 -0.0405181 -0.045298 0.0173167 0.0141509 0.00484142 -0.0111719 -0.0215143 -0.0102109 -0.00245561 0.0160791 -0.00614756 0.0277772 0.00458851 0.0203686 -0.0201441 0.0568532 -0.0288742 0.00908147 -0.0155617 0.023118 0.0114422 0.00616149 -0.031951 -0.0117098 0.00153248 -0.0047828 -0.00505335 0.0072756 -0.00078947 -0.00841233 -0.0165816 0.00722627 -0.0105099 -0.00125487 -0.012522 -0.00394373 0.00434173 0.00361889 -0.0167415 -0.0106829 
-0.0107544 0.013063 0.00789275 0.017536 -0.00523867 0.0144123 0.0079319 0.007474 0.0193244 0.013471 -0.002125 -0.000491502 -0.0483385 0.0119305 0.0341039 -0.0145294 -0.00351737 0.0136243 0.0217835 0.0121863 -0.00793441 0.0380499 0.00996279 -0.0320302 0.0380421 0.0515119 -0.00551044 -0.0497783 -0.10066 0.0147038 0.0725147 -0.0434045 -0.00286128 -0.00786865 0.0279952 0.0232209 0.00391316 -0.0108881 -0.00952072 -0.0169545 0.0397722 -0.014559 -0.0238455 -0.0168904 -0.110822 -0.000752028 0.0731362 -0.0268441 0.00341519 0.00883304 0.0122314 0.00129287 -0.00110333 0.0151761 -0.00884952 -0.0259408 0.0175769 0.00831387 -0.0116184 -0.0178517 -0.0619888 0.00559008 0.0489512 -0.0249271 
-0.00210629 -0.00136042 0.00373809 -0.0163749 -0.00646718 -0.0125723 -0.0226002 -0.0282041 0.00671063 -0.0130959 -0.0370587 -0.030604 0.00068652 -0.00803937 -0.0158482 -0.0110595 -0.00706306 -0.0024581 -0.00552962 -0.0199517 -0.00767097 0.0138994 -0.0362403 -0.0587069 0.00865864 0.0101381 -0.0595746 -0.078914 0.0167924 0.0190807 -0.0294215 -0.0313338 0.0159826 0.0190879 0.0115992 -0.00454609 0.0611872 0.104077 0.0405284 0.0198359 -0.0150064 0.141586 -0.00741315 0.025612 0.0138831 0.0590876 0.00115131 0.0249658 -0.00457927 -0.00988128 -0.000715494 0.0145076 0.0326417 -0.0783764 0.00391614 0.0609728 -0.00721066 -0.0999613 -0.00817501 0.0672366 0.00355394 -0.0554677 0.000204948 0.059157 
0.00894251 -0.0238654 0.0222359 0.0186628 -0.0213095 -0.0678882 -0.00355587 0.0239222 0.0267772 -0.0851592 -0.0491327 0.013503 0.0383244 -0.0282207 -0.0105371 0.0241318 -0.00214754 0.0465942 0.0355322 0.0445755 -0.0587339 0.0634034 -0.0318141 0.0222461 0.0923039 0.104475 -0.046436 0.0115419 0.062177 0.060996 -0.0398792 0.0381412 0.019046 0.0212674 0.0791097 0.00798309 -0.0411085 0.07276 -0.028978 -0.0654855 0.0718732 0.0571413 -0.0539955 -0.0876096 0.0458575 0.00518169 -0.0673518 -0.0363989 0.0202514 -0.0113545 0.0450867 0.0251342 0.00115145 -0.0167198 -0.0184221 -0.0118746 0.0198785 -0.00746748 -0.0259108 -0.0192261 0.0210344 -0.0153718 -0.0263434 0.00911132 
-0.0171547 0.00794937 0.0139421 -0.0315039 0.0259957 -0.0235092 -0.0522045 -0.0592215 0.022351 -0.00221281 -0.0316878 -0.0435594 0.00762326 0.00703891 -0.0282046 -0.0151385 -0.0444737 0.00128212 0.0681306 -0.0364966 0.0745701 0.0413962 -0.0376619 -0.0725608 0.0198093 0.0434953 0.00461484 -0.0171769 0.0110833 0.00526099 -0.0235971 -0.0119146 -0.0195427 0.00271358 0.155931 -0.0297529 0.0836732 -0.00293424 0.0752554 -0.0726858 -0.000467804 -0.015656 0.0887289 -0.0178533 0.0267102 -0.0079137 0.0367587 0.00126134 0.00259373 0.000705325 0.0633279 -0.0212982 0.019255 0.0435467 0.0176394 -0.00291239 0.0181293 0.0201357 -0.00643995 0.0151808 0.0238172 0.031179 0.00452738 0.0198917 
-0.026304 -0.000948952 -0.00388574 0.010443 -0.0113332 -0.00784566 0.0342673 -0.00409844 -0.0496109 -0.0360674 0.0302397 -0.00340769 -0.0405204 -0.00829635 0.00689566 -0.0268667 -0.0234329 -0.00520559 -0.0231282 0.0150704 -0.0803636 -0.0160563 0.0433075 -0.0338495 -0.0538884 -0.0322874 -0.0206482 -0.0738672 -0.0404665 0.00199524 -0.0127294 -0.0558888 -0.0259199 -0.0313006 -0.0307325 0.0248157 -0.0638526 -0.0184844 0.0537187 0.00782507 -0.0450331 0.0296144 -0.00510851 0.00530174 -0.0439604 0.011634 -0.00512391 -0.0427081 -0.0218413 0.0167027 -0.0106033 0.0345507 -0.0144498 0.016037 0.0152598 0.0364078 -0.0280758 0.0276259 0.00201243 0.0340714 -0.0343295 0.0142597 0.00549166 -0.0152063 
-0.0122362 0.0231102 0.00416582 0.0126238 -0.0121036 0.0438122 0.000997944 0.00902536 -0.00540724 0.0455171 0.0112673 -0.000759891 -0.0199689 0.017954 -0.0121691 -0.035161 0.0141517 -0.0127902 0.0302141 0.0171288 0.0127164 0.0411604 0.033036 0.0500385 -0.0501211 0.0579958 0.078158 0.0352247 -0.0639376 0.00174575 0.0217269 -0.0510748 -0.00100719 -0.0538385 -0.0266315 -0.0226746 0.0247749 -0.133454 -0.0539295 -0.00473904 -0.0283616 -0.119508 -0.00744669 0.0241199 -0.0429358 -0.0280598 -0.0188304 -0.0672931 -0.00999001 0.00777736 -0.0337691 -0.0329339 0.00338258 0.00262804 -0.0541898 -0.0560535 -0.00321409 -0.00611324 -0.0398621 -0.056092 -0.00988682 0.00225904 -0.0302463 -0.05223 
0.0041466 0.0252559 0.0246296 0.0012547 -0.0649617 0.0304451 0.0202754 -0.0391723 0.0753328 0.00291387 -0.0713023 -0.0934135 0.0318123 0.00614696 -0.0361671 -0.019071 0.0218753 0.0166925 0.0527498 0.00280265 -0.153638 0.0433124 0.118679 -0.0461502 0.116708 0.0274393 -0.102002 -0.133434 0.0553165 0.0101964 -0.058369 -0.0258889 0.0263801 0.00302227 0.056819 0.0067818 -0.105319 0.0338842 0.0752167 -0.0147504 0.0868079 0.0551414 -0.129272 -0.0711403 0.0508685 0.0254098 -0.0682874 -0.00843105 0.0197638 0.0126656 0.00986401 0.00904156 -0.0434766 0.0246022 0.00722992 0.0229491 0.0618346 0.02673 -0.108432 -0.00772595 0.0254756 0.0103044 -0.041718 0.0381443 
0.0026998 -0.0028605 0.0423966 -0.00149292 -0.0352335 -0.0141497 -0.00495047 -0.0240261 0.0299016 -0.0228502 -0.0144023 -0.0276283 0.0217736 -0.00863357 0.0131086 0.00744746 0.00135439 -0.0148625 0.0912293 0.00114902 -0.0506347 -0.0014832 -0.0229218 -0.0501042 0.0405907 0.0125582 -0.0465075 -0.0613983 0.0460874 -0.000995866 0.00899651 0.0156927 0.0107617 -0.0104132 0.0581046 0.00409525 -0.00781472 0.0135699 -0.00356149 -0.00808843 0.0360275 0.049205 0.00114991 0.0121442 0.0327823 0.0263171 0.0146946 0.0426907 0.00763659 -0.0034141 0.0256514 0.0131846 0.0191647 -0.00634462 0.0334442 0.0244115 0.00847439 -0.0108147 0.0349493 0.0256943 0.0222029 -0.00677445 0.0191043 0.0375589 
-0.00862377 0.0108989 -0.0136352 0.00288617 0.00037044 0.0193145 -0.0263129 -0.00162606 0.0199707 0.03165 -0.0277741 0.000665029 -0.00282615 0.0181027 -0.0138964 0.00414771 -0.00883217 0.00149296 -0.0136542 0.0222578 0.0182857 0.0223356 -0.00713246 0.0492375 0.0258772 0.026291 -0.0298642 0.0470688 -0.0113902 0.00967061 -0.0167039 0.0241315 -0.0105161 -0.0108999 -0.00919363 0.026725 0.0392019 -0.0204447 -0.00488497 0.0459442 0.0272483 -0.0087334 -0.0314178 0.024551 -0.0114003 0.000544232 -0.0228542 -0.00158539 -0.00892583 -0.00438124 -0.0105178 0.0112768 0.00540088 -0.0254584 -0.014873 0.0109873 0.0148697 -0.0491315 -0.0197967 0.0144011 0.000163128 -0.0287631 -0.0182861 0.00324564 
-0.00296192 0.0225379 -0.0259851 0.00568951 0.0104392 0.0537228 -0.00845789 0.0284435 -0.00738537 0.0406642 0.000998368 0.0356449 -0.00808355 0.0178183 0.00463655 0.0233404 0.00163636 -0.0154743 -0.0334167 -0.0382252 0.0503468 -0.00583709 0.0325895 -0.0395159 -0.0399405 0.0145539 0.0413393 0.0299607 -0.0124105 0.0103267 0.0140282 0.0162119 -0.014896 0.0212774 -0.0444314 -0.0444496 0.0568619 -0.0148195 -0.0171393 -0.0531719 -0.0372583 -0.0309148 0.0225704 0.0216961 0.00395142 -0.00760977 0.00862058 0.0263473 -0.00932433 0.00362334 -0.015208 -0.00493306 0.00352818 0.00442199 -0.00755462 0.0127566 -0.0288879 -0.00683773 0.0185691 0.024636 0.00713162 -0.00770691 0.0138713 0.0106752 
0.0341992 -0.00334182 0.0297462 0.0330695 0.0206764 -0.00945497 -0.000457429 -0.0207288 -0.014862 -0.0112699 -0.0166871 -0.0819486 -0.00191235 -0.00216371 -0.0211032 -0.0601943 0.0311359 -0.0576446 0.0426987 0.07575 0.0628291 -0.0860301 0.0557798 0.0182742 -0.00240123 -0.0304009 -0.00971557 -0.15139 0.00089579 -0.00201319 -0.0469408 -0.103993 0.0181588 0.0258037 0.0115845 0.0158629 0.0232721 -0.00926666 0.0527364 -0.0209747 0.0489109 -0.0594787 0.0382225 -0.0650217 0.0117559 -0.0236222 -0.0352312 -0.0673727 0.0128999 -0.000646415 0.00854783 0.00847787 -0.0146493 -0.00505789 0.0274993 0.0147987 0.0150922 -0.0328962 0.0386602 0.0101951 0.0143794 -0.0342383 0.00392945 0.0035219 
-0.00617001 -0.00389511 0.00438273 0.00345468 0.0224654 -0.00121235 -0.00476156 0.00507595 0.0334987 0.0134362 0.037629 0.00169317 -0.0413822 0.00160705 0.0167371 -0.0278271 -0.0145859 -0.0104409 0.00616714 0.00485795 0.0547372 -0.0132147 -0.0213054 -0.0240134 0.0442436 -0.0286487 0.0207902 -0.0259823 -0.0619744 -0.0124343 0.00804273 -0.048586 -0.00976029 0.00992673 0.0136529 0.0176207 0.0386747 0.0137926 -0.0031738 0.0197122 0.0358814 0.0031039 0.0380848 0.0144974 -0.0509989 0.000227188 0.00313863 -0.0421472 0.000848312 -0.0035866 0.00701416 0.00743363 0.0157288 -0.00310065 0.0172743 0.00536677 0.0149232 -0.00840051 0.0436811 0.0036896 -0.0266959 0.00204417 0.00504309 -0.0321522 
-0.0136722 -0.0217597 0.00303531 0.00934265 -0.0105612 -0.0456663 0.00397275 -0.00657322 -0.00266456 -0.0338632 -3.81966e-05 -0.0116676 0.00868694 -0.0113915 0.0138362 0.000871874 -0.0325104 -0.029879 0.0153299 0.0306779 0.0128157 -0.0243487 0.0184863 0.00272312 0.0309551 0.0242205 0.00669493 -0.0187603 0.00753841 0.0122924 0.0281439 0.00454857 -0.0290615 0.00762702 0.0274121 0.0293668 0.037649 0.0168848 0.0327352 -0.0155031 0.0324698 0.00393752 0.00205445 -0.0578319 0.00304746 -0.00228343 0.0248709 -0.0160398 -0.0138298 0.0212573 0.0307693 0.0146633 0.00827077 0.0372944 0.0488651 -0.0174925 0.00466672 0.0180942 0.0130555 -0.0501926 1.02914e-05 0.00455194 0.0132261 -0.0192379 
-0.00801708 -0.0584253 0.0330213 0.0454623 0.0155257 -0.123061 0.0231168 0.0868825 0.0677703 -0.0622279 0.0438956 0.104549 0.00732329 0.0261108 0.00553105 0.10056 -0.022552 -0.0199205 -0.0327172 -0.00335969 0.0447852 -0.00282709 -0.065705 -0.0213388 0.125053 -0.0669855 -0.000274995 0.0619094 0.0671235 -0.105435 0.026599 0.115573 -0.0234533 0.0174396 -0.0586298 -0.0819594 0.0542911 0.0158494 -0.102176 -0.166817 0.0122644 0.0310229 -0.0552808 -0.104668 0.0273926 -0.036842 -0.0115065 0.000414625 -0.0120229 0.0191404 -0.0322027 -0.0562083 0.0442896 0.0433682 -0.0485952 -0.082649 0.00700936 0.0372078 -0.017285 -0.0734123 0.00691093 0.0478974 0.0133237 -0.00198682 
0.0446327 -0.0116009 0.0291143 -0.025937 0.0254135 -0.0156323 0.0240271 0.0050004 0.00411453 0.0010499 0.0205327 -0.0104607 -0.010134 -0.00412064 0.00469673 -0.0157504 0.0508928 0.00338257 0.032967 -0.0412413 0.09077 0.0254958 0.0420104 -0.0274975 -0.00912633 0.01638 0.0314962 -0.0560821 -0.0322281 -0.0052497 0.0150792 -0.031041 0.051658 0.00200535 0.031532 -0.0356059 0.104618 0.0209221 0.063491 -0.0374735 -0.0522027 0.0106348 0.0747167 -0.0642886 -0.0184221 -0.00545375 0.00307644 -0.0354556 0.0410993 0.00522091 0.0261578 -0.0262037 0.0764322 0.0107284 0.0542618 -0.0173347 -0.0386197 0.018583 0.0356758 -0.0408677 -0.0210418 0.00728538 0.00948593 -0.0269009 
0.00448436 0.0145338 -0.0145495 -0.00820276 -0.013633 0.0157998 -0.0120411 -0.0194108 -0.0386873 -0.0161492 -0.0129537 -0.0303894 0.0368519 0.00966773 0.0141677 0.00531818 -0.00294807 -0.00217722 -0.0284855 -0.0327525 -0.0489334 -0.00996748 -0.0358162 -0.0843293 -0.100911 -0.030121 -0.0255642 -0.089347 0.0918116 -0.0416973 0.0217459 -0.00218164 -0.0244982 -0.0647151 0.00507482 0.0487761 -0.0418406 -0.118473 -0.0109855 0.0564301 -0.0461569 -0.0361856 -0.0224724 -0.00621956 0.0668129 0.00611397 -0.0127751 0.0268479 -0.0145768 0.0295564 0.03072 0.0535396 0.0115803 0.0833099 0.0375827 0.0780149 -0.0152578 0.0597155 0.00903995 0.0271149 0.0322443 0.0206497 -0.000465504 0.007028 
0.0386229 0.00377408 0.0363886 -0.0260781 0.0234338 0.0014853 0.0109566 -0.0242902 0.052601 -0.00783419 0.00672209 -0.055952 -0.0243406 -0.0100222 0.0234191 -0.00451766 0.0736704 -0.0081743 0.0453733 -0.0384689 -0.00455967 -0.0189038 0.0234407 0.0131338 0.0653851 -0.042774 -0.0131628 -0.0782888 -0.0293704 -0.00119807 0.0272382 0.00032371 0.0682221 -0.0179722 0.0233411 -0.0460391 0.0166439 -0.0352437 -0.000167168 0.043055 0.00438071 -0.0646897 0.0113966 0.0495273 0.0135976 -0.0556558 0.0387678 0.0778585 0.019835 -0.0236245 -0.0169462 -0.0413483 0.000595533 -0.0683085 -0.0588487 -0.042168 0.00242439 -0.0600806 -0.0552519 -0.045776 0.0183981 -0.0313957 -0.0400067 0.00209628 
-0.00509579 0.000733564 -0.0214643 -0.0314479 0.0241202 0.00328045 -0.0416933 -0.0514661 0.0207541 0.00114798 0.0305329 0.00629589 0.00231048 -0.00896107 0.0262353 0.0108519 -0.00852872 -0.00113955 -0.0419984 -0.0583569 0.0295019 -0.0165073 -0.0597977 -0.0793596 0.0353573 -0.0240177 0.0512147 0.0496729 0.00363105 0.00369395 0.0501568 0.0434671 -0.0115968 -0.00635883 -0.0441382 -0.046116 0.0241673 -0.00954927 -0.0688404 -0.053726 0.0415468 -0.0319131 0.0389536 0.0763545 -0.00662521 -0.0359467 0.023419 0.0455549 -0.00526323 -0.00162974 -0.0250956 -0.0341735 0.00111011 -0.00300832 -0.0659553 -0.0743886 0.0122285 -0.0186935 -0.0684143 -0.0677241 0.00192286 -0.00900041 -0.0275126 -0.0230954 
-0.00466619 -0.0136461 0.00586824 -0.000435378 -0.026184 -0.0146333 -0.0281811 -0.0463317 -0.00932978 -0.0293109 -0.0603094 -0.0844595 0.0214471 -0.0109578 -0.0317991 -0.0240188 0.00530937 -0.0108705 -0.00642567 0.00026906 -0.0216812 -0.00186745 -0.0450192 -0.0632179 0.0399363 0.106849 -0.0382697 -0.0442613 0.0273192 0.108732 -3.92005e-05 0.0493279 -0.0340116 -0.0228176 -0.0254392 0.00801036 0.0232696 -0.0573493 -0.0364352 -0.115497 0.221032 0.0220649 0.14994 -0.0477171 -0.032599 0.00332742 0.0545389 0.0240078 -0.00515087 0.0313536 -0.0083921 0.0303613 -0.00140991 0.049275 -0.0255959 -0.0210441 0.0669764 -0.0370878 0.0247576 0.00220724 -0.0187301 -0.0624879 0.00697531 0.0280412 
0.00530112 -0.00496353 0.00628787 -0.00561269 0.00777802 -0.000537839 0.0312191 0.0126351 0.000152906 -0.004287 -0.0195947 -0.000461918 0.0107066 -0.00492133 -0.0128537 0.00644737 0.0125896 -0.01334 0.0083079 -0.000586615 0.00644992 -0.0319284 0.0344193 0.0387767 -0.00359025 -0.0350177 -0.0449666 0.0114098 0.017642 -0.0164501 -0.02202 0.0167506 0.00411109 0.00232644 -0.00996034 -0.0182122 0.00344059 -0.00139661 -0.0119976 0.0199883 0.00859727 0.0134591 -0.0482978 0.0420122 0.0225111 0.0174708 -0.00899795 0.0518821 0.00420961 0.0126236 -0.00298568 -0.0105777 0.00681044 0.0278539 0.000714977 -0.000438574 0.00495135 0.0278679 -0.0220924 -0.0112501 0.0133029 0.00870695 -0.00458349 0.00983317 
0.0022745 -0.0148629 0.014431 0.0234149 0.000469058 -0.0256669 0.0089143 -0.0117134 0.0109398 -0.020255 -0.0208518 -0.0572335 -0.0152054 -0.00992038 -0.0112487 -0.0333763 -0.00278184 0.00170883 0.0284769 0.0691816 0.0201887 0.0152672 0.0249394 0.0329572 0.0196478 0.0359595 -0.0480447 -0.0310909 -0.0355035 0.0058661 -0.00201949 -0.0149424 0.000593912 0.0201039 0.0307632 0.050564 -0.0153426 -0.0134503 0.014473 0.0185685 0.000291183 -0.0950969 -0.0372253 0.036716 -0.0183635 -0.0406905 0.00500479 0.00452477 -0.00414929 -0.00919167 0.0131174 0.0243002 -0.0436903 -0.0155467 0.0102719 -0.00199929 -0.0105217 -0.000645591 -0.0385485 -0.0395014 0.00519392 -0.00122061 -0.0174741 -0.0272897 
0.0264043 -0.0116963 0.00486863 -0.0302661 0.0627678 0.00875709 0.111515 0.0285067 -0.0834162 -0.0132154 0.0163489 0.00990397 0.133754 -0.01359 0.218315 0.131988 0.0106439 0.000134461 -0.0201606 -0.044809 0.0285649 -0.16684 -0.0372515 -0.100596 -0.0684434 -0.115119 -0.054841 -0.227626 0.115004 -0.12727 0.146996 0.0151892 -0.00908625 0.00758027 -0.0389127 -0.0208029 -0.00609866 0.016663 -0.0942893 -0.125924 -0.0380535 0.0398471 -0.0957171 -0.210298 0.0297255 -0.00911188 -0.0532511 -0.0789759 -3.31884e-05 0.0174042 -0.00342214 0.00964595 0.027854 0.0419874 0.0110407 0.0815592 0.0810818 -0.0667999 0.048362 0.257188 -0.0188722 0.00911818 0.0656722 0.275555 
-0.0410004 -0.00612211 0.0458999 0.00861563 0.0412162 -0.0197705 0.0677601 0.0301281 0.0152786 -0.00994056 -0.0100361 -0.0145802 0.0117833 -0.00346186 -0.0176235 -0.0146116 -0.0833244 0.00907789 0.0504168 -0.0206475 0.0827109 0.0196164 0.0593774 -0.0388869 0.00623559 0.012342 -0.0265773 -0.06949 0.0187 -0.00624297 -0.0506876 -0.0426734 -0.10185 0.0103651 0.0568094 -0.025618 0.0859683 0.00124785 0.0397079 -0.0520428 -0.00477667 -0.0182311 -0.0297962 -0.0594245 0.0219896 -0.00272303 -0.0496562 -0.0394869 -0.0695766 0.0108463 0.0580147 -7.96947e-05 0.0391883 0.00766998 0.0528079 0.00638513 -0.00830264 0.0042513 0.0101462 0.0051238 0.0106874 -0.00488928 -0.0154636 0.00535826 
-0.000780667 0.0201515 -0.0281104 -0.00367089 -0.00285839 0.0611069 -0.0297341 0.00406021 0.00404629 0.0669059 -0.0153296 0.0153742 0.00455278 0.0319348 -0.00657768 0.00882286 0.0392819 0.0229893 0.0106492 0.0368025 -0.0356669 -0.00199108 0.0484453 0.0418396 0.0258689 -0.0515156 0.00392966 0.103052 -0.0129183 -0.0183253 0.00703434 0.0622309 0.0044241 -0.0334521 -0.00519798 0.00650176 -0.0491637 -0.0718495 -0.00291151 -0.0227518 0.00804257 -0.0520976 -0.0615619 -0.0539623 0.0143852 -0.0302756 -0.0338578 -0.0178184 -0.0117818 0.0143263 -0.0045118 -0.0119007 -0.00605117 0.0320192 -0.00847176 -0.0384826 0.00531947 0.041913 -0.0403482 -0.0573759 0.011882 0.024523 -0.0127066 -0.0211227 
-0.0403972 0.00267135 -0.00562751 -0.0119273 0.0553149 -0.0253409 0.0569124 -0.0132092 0.0937018 -0.0115208 0.0732315 -0.00941254 -0.0126679 -0.00461054 0.0742743 0.039571 -0.0441025 0.0258497 -0.0325499 -0.0192831 0.0961665 0.112418 0.100499 0.0546321 0.0917036 0.0382487 0.0341666 -0.0573315 -0.0328216 -0.0182513 0.0543031 -0.0129163 0.00669208 0.00543379 -0.0439822 -0.0793439 0.047786 0.0117359 0.00226361 -0.0585491 0.0242112 -0.0442971 -0.0262016 -0.0820798 -0.0194512 -0.0140538 0.0118833 -0.0316503 0.00687397 0.0179572 -0.0331624 -0.0585393 0.00770379 0.0361945 -0.0749502 -0.0974703 -0.0027615 0.0300303 -0.0514716 -0.0776327 -0.00435858 0.0173977 -0.0135058 -0.0362615 
0.0396006 -0.0305431 0.00672883 -0.0440676 0.0186246 -0.0619478 -0.034173 -0.0717994 0.0145375 -0.0544082 -0.0360459 -0.0718729 0.000879427 -0.021857 -0.0150062 -0.0322522 0.0336296 -0.00844193 0.00672026 -0.0307651 0.049564 -0.00158293 -0.0539556 -0.0351222 0.0332031 0.019657 -0.0279797 0.00402112 0.0268054 0.0047745 -0.0253002 0.0325168 0.0454815 0.0248131 0.0376041 -0.0115951 0.0789119 0.079276 0.0538658 0.0406694 0.00566281 0.0475198 0.059046 0.00312698 0.020409 0.0117077 -0.0139668 0.000147187 0.0436808 0.0209633 0.0366293 -0.0112475 0.0512313 0.020298 0.0412745 -0.0155257 -0.01876 0.0123375 0.0152072 -0.0322889 0.0114779 -0.00167395 -0.0173193 -0.0254409 
0.00766074 -0.0010803 -0.00313323 -0.010581 -0.0209504 -0.00609973 -0.00691448 -0.00956934 -0.0158086 -0.0188085 -0.00157853 -0.015321 -0.0107583 -0.00521251 0.0214705 -0.0042685 0.00864391 -0.0108948 -0.0130083 -0.0114713 -0.032167 -0.0085782 -0.020289 0.0109769 -0.0065942 0.0210239 0.00149036 0.0190351 -0.0247879 0.010403 0.0461829 0.00767033 0.0133162 0.0138362 -0.00696615 0.007616 -0.0125281 0.0442209 -0.013007 0.0382025 -0.0184338 0.0217436 0.00342755 0.00221754 -0.0361999 0.000825328 0.0443468 -0.0115396 0.0116089 0.000478928 -0.00276123 0.0104133 -0.00573276 -0.00544776 -0.00887748 0.0203993 -0.0197932 0.00380646 -0.00430819 -0.00697776 -0.0182172 0.00613654 0.0147449 -0.0101106 
-0.00730907 -0.00595014 0.00845265 0.0109213 0.00402271 -0.00586668 0.0353433 0.0131248 0.00527758 -0.00334864 0.0381724 0.021994 -0.0037016 -0.00483392 0.0118393 0.00992003 -0.0129775 -0.000532726 0.014224 0.00552221 0.00028189 -0.0182956 0.0431722 0.000446531 0.0268243 -0.0090773 0.0521341 0.00980997 -0.00826026 0.00713999 0.0179127 0.0164261 -0.0107604 -0.0143744 0.00904188 0.0106912 -0.0242951 -0.0361085 0.000524493 -0.00986914 0.0306727 -0.0584972 0.00378318 -0.02504 0.00637393 -0.031306 0.00486265 0.010346 -0.0125545 -0.0026124 -0.005309 -0.011304 -0.0132478 -0.00198993 -0.0184774 -0.0387335 0.012127 0.0036473 -0.021115 -0.0434561 0.00983892 0.000395969 -0.00840022 -0.0161652 
-0.000536412 0.0322162 -0.00199305 0.0254228 -0.00328689 0.0570972 0.0180509 0.0406904 -0.0255833 0.0217113 0.029756 0.0430863 0.00477593 0.00182051 -0.00385115 0.0104084 -0.00424266 -0.0550553 -0.0133396 0.043557 0.0051054 -0.0755191 0.00318208 0.0402106 -0.0406604 -0.0156971 0.0434052 0.018929 0.00607967 -0.0019849 -0.00552591 0.00725592 -0.00790247 0.0160837 -0.0288547 -0.0239527 0.0210441 0.0349497 -0.0304284 -0.062808 -0.0117086 0.0226757 -0.000146964 -0.0476826 0.0013601 0.0111818 0.000485722 -0.0102484 0.0017098 0.0011603 -0.0136867 -0.00814539 0.00338884 -0.00876105 -0.0170689 -0.0148785 -0.00919124 -0.00635391 -0.0130809 -0.016616 -0.00255244 -0.00186096 -0.00634402 -0.00436656 
0.0096056 0.00359666 -0.0166653 -0.0345737 0.0110624 0.00795881 -0.0540742 -0.0601166 -0.0101541 -0.000527601 -0.0476943 -0.054864 0.0234881 0.000995291 -0.0292702 -0.0158409 0.023678 0.016776 0.0120375 -0.0143325 0.0251972 0.0456298 -0.04557 4.48188e-05 -0.0334033 0.049473 -0.0573196 0.00610336 0.0340931 0.0165115 -0.0365921 0.0276885 0.0410158 0.00940954 0.0719173 -0.00438025 0.014473 0.00800911 0.027935 -0.00663567 -0.0321112 0.0093799 -0.0127768 0.0114413 0.0328371 0.00161319 -0.0226637 0.029597 0.0285897 0.00941979 0.0535956 0.0164329 0.000791338 0.0206218 0.031399 0.0633285 -0.0178612 0.0176517 0.00753939 0.0624676 0.0163722 0.0124207 -0.00782269 0.0285914 
0.024719 -0.00224465 0.0175183 -0.00779959 -0.0418502 -0.000453388 0.0114302 0.0137169 -0.0145301 0.00311191 -0.0212779 -0.0244269 -0.00127806 0.00421658 -0.0341616 -0.0225115 0.0235929 -0.00621253 0.0344525 0.00326738 -0.0416062 -0.00276082 0.00310398 0.00691438 -0.0489997 -0.0043541 -0.0338155 -0.0789904 0.00361087 -0.0165858 -0.0566279 -0.0522019 0.0186035 -0.0113163 0.0192805 0.000759418 0.00456556 0.00334231 -0.00287042 0.0270964 -0.0563553 0.0556795 -0.00758832 -0.0168019 -0.00598211 0.0307398 -0.030082 -0.0270561 0.0150681 0.0162507 0.0259751 0.0226575 0.0105329 0.00952269 0.042235 0.0906207 -0.0125214 0.0278389 0.0366499 0.051073 -0.0167977 0.0229146 0.00530118 -0.000282188 
-0.0150245 -0.000726519 0.0145534 0.0116553 0.00286653 -0.0303497 0.000968529 -0.00274295 0.0156598 -0.0367881 -0.0440716 -0.0255854 0.00914353 -0.0190495 -0.00447026 -0.015005 -0.0302936 -0.0299743 0.0161389 0.0336299 0.0319532 0.0270729 0.00464471 0.0868904 0.00878995 0.0368706 -0.0701976 0.0925791 0.0111189 -0.00773391 -0.0224762 0.000627225 0.00484663 -0.00772174 0.0138404 -0.0172154 0.0461228 -0.0187712 0.109375 0.00682542 -0.0130583 -0.0333352 -0.0655829 -0.0272905 0.00979695 -0.0144984 -0.0248184 -0.0212619 0.00119426 -0.0363912 -0.0321802 -0.0162862 0.0143668 -0.073787 -0.0395437 -0.0256649 0.0108107 -0.057357 -0.0910668 -0.0585546 0.0161396 -0.0305311 -0.0501078 -0.025432 
0.00194036 -0.00821539 -0.0141328 -0.0199751 0.0130884 -0.0064997 -0.0156821 -0.0290068 0.0209655 0.00418568 0.0300696 0.000644253 0.00648554 0.0112898 0.0382562 0.0221925 0.0033778 0.00237619 -0.0329775 -0.0409106 0.0305795 0.00452195 -0.0442245 -0.0541817 0.0401544 0.00297569 0.0522804 -0.00246576 0.0249896 0.000603898 0.0755043 0.0521649 0.00426811 0.0040447 -0.0293769 -0.0382638 0.0347307 0.0110241 -0.0272183 -0.0482742 0.0193384 0.00750393 0.0267127 -0.0191264 0.0273079 -0.00619679 0.0515627 0.0453791 0.00455341 0.00833224 -0.0144631 -0.0234532 0.0239696 0.0169782 -0.00118434 -0.0111743 0.0128096 0.0124066 0.0204185 0.0021921 0.00558261 0.00232171 0.0215137 0.0186751 
-0.0292477 -0.00662092 0.0140189 0.0423985 -0.00680985 -0.0215412 0.0178692 0.0499345 -0.000429055 -0.036833 0.0136004 0.026162 0.00198188 -0.0166923 -0.00190998 0.00378109 -0.0492366 0.0318289 0.0158593 0.0790653 -0.0203903 0.0663894 -0.00963712 0.0542799 -0.0237323 0.0433228 -0.0325082 0.0139157 0.00669794 0.00341837 -0.0136105 0.000511745 -0.0468502 0.0172286 0.00783358 0.0544609 -0.0248784 0.00518611 -0.000408643 0.00517594 -0.0147356 0.0320798 -0.0451455 -0.0900883 -0.00958774 0.0323623 -0.0136014 -0.0522387 -0.0293993 -0.00880477 0.0116869 0.0285083 -0.013614 -0.00686317 0.0121809 0.00748585 0.000433976 0.00189895 -0.00293755 -0.0451376 0.000110477 0.00642614 -0.00629521 -0.026684 
-0.0259642 0.00600757 -0.0191077 0.0128771 -0.0228993 0.00649804 0.0188447 -0.0164072 -0.00337289 0.0133035 -0.0447696 -0.0441248 0.0700053 0.0288265 0.0389301 -0.00095367 -0.0368661 -0.000154994 -0.0205217 0.0432266 -0.0257174 0.00109367 0.0492471 -0.0231247 0.00647085 0.00375705 -0.0724329 -0.075803 0.151679 0.0193357 0.137149 -0.0217826 -0.0468153 -0.0229401 -0.0177353 0.0414474 -0.0149189 -0.0291356 0.0462012 -0.0292419 0.0253451 -0.00187192 -0.0661863 -0.0723856 0.160452 -0.00518691 0.170519 -0.0197443 -0.0185136 0.000846205 -0.00777356 0.0154766 -0.0172108 0.0187667 0.0266774 -0.019939 0.0263557 0.021045 -0.0267459 -0.0466797 0.0767703 0.000828238 0.0741197 -0.0137322 
-0.0360624 0.0293221 0.0594799 0.0975116 0.033679 -0.000725182 0.0551405 0.03672 0.0393009 -0.0107841 -0.00150338 -0.00133406 -0.0523017 -0.0221906 0.0900287 0.0454793 -0.0494638 0.0598709 -0.017689 0.0315107 -0.0376516 0.0613087 0.0078416 -0.0309837 -0.00896422 -0.00692623 -0.00486834 -0.00110524 -0.0427965 0.00456397 0.0803125 0.120665 -0.0412935 0.00487064 -0.089896 -0.0445456 -0.0219363 0.0179639 -0.0223186 -0.0705569 -0.0704362 0.00968777 0.0047354 -0.071407 -0.014883 -0.00159114 -0.0130225 -0.0192131 -0.0303543 -0.0166352 -0.0579712 -0.0136193 0.00795944 -0.00806855 -0.037446 -0.0294849 -0.0810791 0.0117579 0.0427931 -0.00959972 -0.011714 -0.0140031 0.0192813 0.000756903 
0.0392077 0.0109217 0.0194617 -0.0130256 0.0142272 0.0370016 -0.00161055 0.0268415 0.0186218 0.044906 -0.0195976 0.0356046 0.0213562 0.0266183 -0.0183307 0.0182801 0.0648843 0.00898217 0.0470154 -0.0364938 0.0205238 -0.00774105 0.00656227 -0.0148084 0.000624561 -0.0590415 -0.0528177 -0.0329583 0.0336223 -0.0479311 -0.0306477 -1.67932e-05 0.0678489 -0.00369569 0.0657392 -0.0428733 -0.000261772 -0.0210411 0.0265236 -0.0490971 -0.0115446 0.000786181 -0.0441409 -0.0643506 0.0439724 0.0149618 -0.0142685 -0.00302207 0.0533231 0.00570652 0.0611778 -0.0174398 -0.0143 0.0215198 0.0798358 0.0150087 0.00476666 0.0144571 0.0131176 -6.47314e-05 0.0219221 -0.00433714 0.0104728 0.0045424 
-0.0298821 0.0193677 0.0100629 0.0190738 -0.0587831 0.0141432 0.00432624 -0.0308167 0.0132798 0.0019114 -0.0121179 -0.0175105 -0.0201965 -0.00555435 0.00551753 -0.015877 -0.0173164 0.00988762 -0.00621924 0.0197074 -0.132169 0.0247217 0.00685367 -0.0779606 0.0310285 0.00657224 -0.0503342 -0.0404558 -0.0448632 0.00497728 0.024153 -0.0080626 -0.0157277 -0.0451159 -0.0105021 0.109903 -0.120462 -0.00248362 0.0401483 -0.00363608 0.0431836 0.0189866 -0.0716804 -0.0726957 -0.0680589 0.0199387 0.0445887 -0.00676373 0.00415203 0.0161741 0.0182303 0.0701661 -0.0277772 0.0281571 0.0689649 0.0210961 -0.00437415 0.0232067 0.00854354 -0.0465191 -0.036512 0.0136533 0.0301467 -0.0152329 

